 # time              Etot              Ltot
   0.10000000E+000  -0.18536957E+007   0.29827729E+009
   0.10000000E+000  -0.18312354E+007   0.29827729E+009
   0.20000000E+000  -0.18108559E+007   0.29827729E+009
   0.30000000E+000  -0.17922783E+007   0.29827729E+009
   0.40000001E+000  -0.17752712E+007   0.29827729E+009
   0.50000001E+000  -0.17596415E+007   0.29827728E+009
   0.60000001E+000  -0.17452265E+007   0.29827728E+009
   0.70000001E+000  -0.17318881E+007   0.29827728E+009
   0.80000001E+000  -0.17195085E+007   0.29827728E+009
   0.90000001E+000  -0.17079865E+007   0.29827727E+009
   0.10000000E+001  -0.16972347E+007   0.29827727E+009
   0.11000000E+001  -0.16871771E+007   0.29827727E+009
   0.12000000E+001  -0.16777475E+007   0.29827727E+009
   0.13000000E+001  -0.16688879E+007   0.29827727E+009
   0.14000000E+001  -0.16605471E+007   0.29827726E+009
   0.15000000E+001  -0.16526801E+007   0.29827726E+009
   0.16000000E+001  -0.16452467E+007   0.29827726E+009
   0.17000000E+001  -0.16382113E+007   0.29827726E+009
   0.18000000E+001  -0.16315421E+007   0.29827725E+009
   0.19000000E+001  -0.16252106E+007   0.29827725E+009
   0.20000000E+001  -0.16191911E+007   0.29827725E+009
   0.21000000E+001  -0.16134605E+007   0.29827725E+009
   0.22000000E+001  -0.16079981E+007   0.29827725E+009
   0.23000000E+001  -0.16027848E+007   0.29827724E+009
   0.24000000E+001  -0.15978036E+007   0.29827724E+009
   0.25000000E+001  -0.15930388E+007   0.29827724E+009
   0.26000000E+001  -0.15884762E+007   0.29827724E+009
   0.27000000E+001  -0.15841028E+007   0.29827723E+009
   0.28000000E+001  -0.15799067E+007   0.29827723E+009
   0.29000000E+001  -0.15758769E+007   0.29827723E+009
   0.30000000E+001  -0.15720034E+007   0.29827723E+009
   0.31000000E+001  -0.15682770E+007   0.29827723E+009
   0.32000000E+001  -0.15646891E+007   0.29827722E+009
   0.33000000E+001  -0.15612319E+007   0.29827722E+009
   0.34000001E+001  -0.15578980E+007   0.29827722E+009
   0.35000001E+001  -0.15546807E+007   0.29827722E+009
   0.36000001E+001  -0.15515737E+007   0.29827721E+009
   0.37000001E+001  -0.15485713E+007   0.29827721E+009
   0.38000001E+001  -0.15456679E+007   0.29827721E+009
   0.39000001E+001  -0.15428586E+007   0.29827721E+009
   0.40000001E+001  -0.15401386E+007   0.29827721E+009
   0.41000001E+001  -0.15375036E+007   0.29827720E+009
   0.42000001E+001  -0.15349494E+007   0.29827720E+009
   0.43000001E+001  -0.15324721E+007   0.29827720E+009
   0.44000001E+001  -0.15300683E+007   0.29827720E+009
   0.45000001E+001  -0.15277344E+007   0.29827719E+009
   0.46000001E+001  -0.15254673E+007   0.29827719E+009
   0.47000001E+001  -0.15232641E+007   0.29827719E+009
   0.48000001E+001  -0.15211219E+007   0.29827719E+009
   0.49000001E+001  -0.15190381E+007   0.29827719E+009
   0.50000001E+001  -0.15170101E+007   0.29827718E+009
   0.51000001E+001  -0.15150357E+007   0.29827718E+009
   0.52000001E+001  -0.15131126E+007   0.29827718E+009
   0.53000001E+001  -0.15112387E+007   0.29827718E+009
   0.54000001E+001  -0.15094121E+007   0.29827718E+009
   0.55000001E+001  -0.15076309E+007   0.29827717E+009
   0.56000001E+001  -0.15058932E+007   0.29827717E+009
   0.57000001E+001  -0.15041974E+007   0.29827717E+009
   0.58000001E+001  -0.15025420E+007   0.29827717E+009
   0.59000001E+001  -0.15009253E+007   0.29827716E+009
   0.60000001E+001  -0.14993460E+007   0.29827716E+009
   0.61000001E+001  -0.14978027E+007   0.29827716E+009
   0.62000001E+001  -0.14962941E+007   0.29827716E+009
   0.63000001E+001  -0.14948189E+007   0.29827716E+009
   0.64000001E+001  -0.14933761E+007   0.29827715E+009
   0.65000001E+001  -0.14919643E+007   0.29827715E+009
   0.66000001E+001  -0.14905827E+007   0.29827715E+009
   0.67000001E+001  -0.14892301E+007   0.29827715E+009
   0.68000001E+001  -0.14879057E+007   0.29827714E+009
   0.69000001E+001  -0.14866084E+007   0.29827714E+009
   0.70000001E+001  -0.14853374E+007   0.29827714E+009
   0.71000001E+001  -0.14840918E+007   0.29827714E+009
   0.72000001E+001  -0.14828708E+007   0.29827714E+009
   0.73000001E+001  -0.14816737E+007   0.29827713E+009
   0.74000001E+001  -0.14804997E+007   0.29827713E+009
   0.75000001E+001  -0.14793481E+007   0.29827713E+009
   0.76000001E+001  -0.14782182E+007   0.29827713E+009
   0.77000001E+001  -0.14771094E+007   0.29827712E+009
   0.78000001E+001  -0.14760210E+007   0.29827712E+009
   0.79000001E+001  -0.14749525E+007   0.29827712E+009
   0.80000001E+001  -0.14739032E+007   0.29827712E+009
   0.81000001E+001  -0.14728727E+007   0.29827712E+009
   0.82000001E+001  -0.14718603E+007   0.29827711E+009
   0.83000001E+001  -0.14708656E+007   0.29827711E+009
   0.84000001E+001  -0.14698881E+007   0.29827711E+009
   0.85000001E+001  -0.14689273E+007   0.29827711E+009
   0.86000001E+001  -0.14679828E+007   0.29827710E+009
   0.87000001E+001  -0.14670541E+007   0.29827710E+009
   0.88000001E+001  -0.14661408E+007   0.29827710E+009
   0.89000001E+001  -0.14652426E+007   0.29827710E+009
   0.90000001E+001  -0.14643589E+007   0.29827710E+009
   0.91000001E+001  -0.14634895E+007   0.29827709E+009
   0.92000001E+001  -0.14626340E+007   0.29827709E+009
   0.93000001E+001  -0.14617920E+007   0.29827709E+009
   0.94000001E+001  -0.14609632E+007   0.29827709E+009
   0.95000001E+001  -0.14601473E+007   0.29827709E+009
   0.96000001E+001  -0.14593440E+007   0.29827708E+009
   0.97000001E+001  -0.14585529E+007   0.29827708E+009
   0.98000001E+001  -0.14577738E+007   0.29827708E+009
   0.99000001E+001  -0.14570065E+007   0.29827708E+009
   0.10000000E+002  -0.14562505E+007   0.29827707E+009
   0.10100000E+002  -0.14555057E+007   0.29827707E+009
   0.10200000E+002  -0.14547718E+007   0.29827707E+009
   0.10300000E+002  -0.14540486E+007   0.29827707E+009
   0.10400000E+002  -0.14533359E+007   0.29827707E+009
   0.10500000E+002  -0.14526333E+007   0.29827706E+009
   0.10600000E+002  -0.14519407E+007   0.29827706E+009
   0.10700000E+002  -0.14512580E+007   0.29827706E+009
   0.10800000E+002  -0.14505847E+007   0.29827706E+009
   0.10900000E+002  -0.14499209E+007   0.29827705E+009
   0.11000000E+002  -0.14492662E+007   0.29827705E+009
   0.11100000E+002  -0.14486205E+007   0.29827705E+009
   0.11200000E+002  -0.14479836E+007   0.29827705E+009
   0.11300000E+002  -0.14473554E+007   0.29827705E+009
   0.11400000E+002  -0.14467356E+007   0.29827704E+009
   0.11500000E+002  -0.14461241E+007   0.29827704E+009
   0.11600000E+002  -0.14455208E+007   0.29827704E+009
   0.11700000E+002  -0.14449254E+007   0.29827704E+009
   0.11800000E+002  -0.14443379E+007   0.29827703E+009
   0.11900000E+002  -0.14437581E+007   0.29827703E+009
   0.12000000E+002  -0.14431858E+007   0.29827703E+009
   0.12100000E+002  -0.14426210E+007   0.29827703E+009
   0.12200000E+002  -0.14420634E+007   0.29827703E+009
   0.12300000E+002  -0.14415130E+007   0.29827702E+009
   0.12400000E+002  -0.14409696E+007   0.29827702E+009
   0.12500000E+002  -0.14404331E+007   0.29827702E+009
   0.12600000E+002  -0.14399035E+007   0.29827702E+009
   0.12700000E+002  -0.14393805E+007   0.29827702E+009
   0.12800000E+002  -0.14388641E+007   0.29827701E+009
   0.12900000E+002  -0.14383541E+007   0.29827701E+009
   0.13000000E+002  -0.14378506E+007   0.29827701E+009
   0.13100000E+002  -0.14373532E+007   0.29827701E+009
   0.13200000E+002  -0.14368621E+007   0.29827700E+009
   0.13300000E+002  -0.14363770E+007   0.29827700E+009
   0.13400000E+002  -0.14358980E+007   0.29827700E+009
   0.13500000E+002  -0.14354248E+007   0.29827700E+009
   0.13600000E+002  -0.14349574E+007   0.29827700E+009
   0.13700000E+002  -0.14344958E+007   0.29827699E+009
   0.13800000E+002  -0.14340398E+007   0.29827699E+009
   0.13900000E+002  -0.14335894E+007   0.29827699E+009
   0.14000000E+002  -0.14331446E+007   0.29827699E+009
   0.14100000E+002  -0.14327053E+007   0.29827698E+009
   0.14200000E+002  -0.14322724E+007   0.29827698E+009
   0.14300000E+002  -0.14318453E+007   0.29827698E+009
   0.14400000E+002  -0.14314186E+007   0.29827698E+009
   0.14500000E+002  -0.14309996E+007   0.29827698E+009
   0.14600000E+002  -0.14305859E+007   0.29827697E+009
   0.14700000E+002  -0.14301773E+007   0.29827697E+009
   0.14800000E+002  -0.14297737E+007   0.29827697E+009
   0.14900000E+002  -0.14293750E+007   0.29827697E+009
   0.15000000E+002  -0.14289812E+007   0.29827697E+009
   0.15100000E+002  -0.14285922E+007   0.29827696E+009
   0.15200000E+002  -0.14282079E+007   0.29827696E+009
   0.15300000E+002  -0.14278283E+007   0.29827696E+009
   0.15400000E+002  -0.14274534E+007   0.29827696E+009
   0.15500000E+002  -0.14270830E+007   0.29827695E+009
   0.15600000E+002  -0.14267172E+007   0.29827695E+009
   0.15700000E+002  -0.14263559E+007   0.29827695E+009
   0.15800000E+002  -0.14259991E+007   0.29827695E+009
   0.15900000E+002  -0.14256467E+007   0.29827695E+009
   0.16000000E+002  -0.14252987E+007   0.29827694E+009
   0.16100000E+002  -0.14249551E+007   0.29827694E+009
   0.16200000E+002  -0.14246157E+007   0.29827694E+009
   0.16300000E+002  -0.14242806E+007   0.29827694E+009
   0.16400000E+002  -0.14239498E+007   0.29827693E+009
   0.16500000E+002  -0.14236232E+007   0.29827693E+009
   0.16600000E+002  -0.14233007E+007   0.29827693E+009
   0.16700000E+002  -0.14229825E+007   0.29827693E+009
   0.16800000E+002  -0.14226683E+007   0.29827693E+009
   0.16900000E+002  -0.14223582E+007   0.29827692E+009
   0.17000000E+002  -0.14220522E+007   0.29827692E+009
   0.17100000E+002  -0.14217503E+007   0.29827692E+009
   0.17200000E+002  -0.14214523E+007   0.29827692E+009
   0.17300000E+002  -0.14211584E+007   0.29827692E+009
   0.17400000E+002  -0.14208685E+007   0.29827691E+009
   0.17500000E+002  -0.14205825E+007   0.29827691E+009
   0.17600000E+002  -0.14203004E+007   0.29827691E+009
   0.17700000E+002  -0.14200223E+007   0.29827691E+009
   0.17800000E+002  -0.14197482E+007   0.29827690E+009
   0.17900000E+002  -0.14194779E+007   0.29827690E+009
   0.18000000E+002  -0.14192115E+007   0.29827690E+009
   0.18100000E+002  -0.14189490E+007   0.29827690E+009
   0.18200000E+002  -0.14186903E+007   0.29827690E+009
   0.18300000E+002  -0.14184355E+007   0.29827689E+009
   0.18400000E+002  -0.14181846E+007   0.29827689E+009
   0.18500000E+002  -0.14179375E+007   0.29827689E+009
   0.18600000E+002  -0.14176943E+007   0.29827689E+009
   0.18700000E+002  -0.14174549E+007   0.29827688E+009
   0.18800000E+002  -0.14172193E+007   0.29827688E+009
   0.18900000E+002  -0.14169876E+007   0.29827688E+009
   0.19000000E+002  -0.14167597E+007   0.29827688E+009
   0.19100000E+002  -0.14165357E+007   0.29827688E+009
   0.19200000E+002  -0.14163155E+007   0.29827687E+009
   0.19300000E+002  -0.14160992E+007   0.29827687E+009
   0.19400000E+002  -0.14158867E+007   0.29827687E+009
   0.19500000E+002  -0.14156781E+007   0.29827687E+009
   0.19600000E+002  -0.14154734E+007   0.29827687E+009
   0.19700000E+002  -0.14152726E+007   0.29827686E+009
   0.19800000E+002  -0.14150757E+007   0.29827686E+009
   0.19900000E+002  -0.14148827E+007   0.29827686E+009
   0.20000000E+002  -0.14146936E+007   0.29827686E+009
   0.20100000E+002  -0.14145085E+007   0.29827685E+009
   0.20200000E+002  -0.14143274E+007   0.29827685E+009
   0.20300000E+002  -0.14141503E+007   0.29827685E+009
   0.20400000E+002  -0.14139772E+007   0.29827685E+009
   0.20500000E+002  -0.14138082E+007   0.29827685E+009
   0.20600000E+002  -0.14136433E+007   0.29827684E+009
   0.20700000E+002  -0.14134825E+007   0.29827684E+009
   0.20800000E+002  -0.14133258E+007   0.29827684E+009
   0.20900000E+002  -0.14131734E+007   0.29827684E+009
   0.21000000E+002  -0.14130252E+007   0.29827683E+009
   0.21100000E+002  -0.14128812E+007   0.29827683E+009
   0.21200000E+002  -0.14127416E+007   0.29827683E+009
   0.21300000E+002  -0.14126064E+007   0.29827683E+009
   0.21400000E+002  -0.14124756E+007   0.29827683E+009
   0.21500000E+002  -0.14123493E+007   0.29827682E+009
   0.21600000E+002  -0.14122276E+007   0.29827682E+009
   0.21700000E+002  -0.14121105E+007   0.29827682E+009
   0.21800000E+002  -0.14119980E+007   0.29827682E+009
   0.21900000E+002  -0.14118903E+007   0.29827682E+009
   0.22000000E+002  -0.14117875E+007   0.29827681E+009
   0.22100000E+002  -0.14116896E+007   0.29827681E+009
   0.22200000E+002  -0.14115966E+007   0.29827681E+009
   0.22300000E+002  -0.14115088E+007   0.29827681E+009
   0.22400000E+002  -0.14114262E+007   0.29827680E+009
   0.22500000E+002  -0.14113489E+007   0.29827680E+009
   0.22600000E+002  -0.14112771E+007   0.29827680E+009
   0.22700000E+002  -0.14112107E+007   0.29827680E+009
   0.22800000E+002  -0.14111501E+007   0.29827680E+009
   0.22900000E+002  -0.14110953E+007   0.29827679E+009
   0.23000000E+002  -0.14110464E+007   0.29827679E+009
   0.23100000E+002  -0.14110037E+007   0.29827679E+009
   0.23200000E+002  -0.14109673E+007   0.29827679E+009
   0.23300000E+002  -0.14109373E+007   0.29827679E+009
   0.23400000E+002  -0.14109140E+007   0.29827678E+009
   0.23500000E+002  -0.14108976E+007   0.29827678E+009
   0.23600000E+002  -0.14108883E+007   0.29827678E+009
   0.23700000E+002  -0.14108863E+007   0.29827678E+009
   0.23800000E+002  -0.14108919E+007   0.29827677E+009
   0.23900000E+002  -0.14109054E+007   0.29827677E+009
   0.24000000E+002  -0.14109271E+007   0.29827677E+009
   0.24100000E+002  -0.14109573E+007   0.29827677E+009
   0.24200000E+002  -0.14109963E+007   0.29827677E+009
   0.24300000E+002  -0.14110445E+007   0.29827676E+009
   0.24400000E+002  -0.14111024E+007   0.29827676E+009
   0.24500000E+002  -0.14111703E+007   0.29827676E+009
   0.24600000E+002  -0.14112487E+007   0.29827676E+009
   0.24700000E+002  -0.14113383E+007   0.29827676E+009
   0.24800000E+002  -0.14114395E+007   0.29827675E+009
   0.24900000E+002  -0.14115529E+007   0.29827675E+009
   0.25000000E+002  -0.14116793E+007   0.29827675E+009
   0.25100000E+002  -0.14118195E+007   0.29827675E+009
   0.25200000E+002  -0.14119741E+007   0.29827674E+009
   0.25300000E+002  -0.14121442E+007   0.29827674E+009
   0.25400000E+002  -0.14123307E+007   0.29827674E+009
   0.25500000E+002  -0.14125348E+007   0.29827674E+009
   0.25600000E+002  -0.14127577E+007   0.29827674E+009
   0.25700000E+002  -0.14130008E+007   0.29827673E+009
   0.25800000E+002  -0.14132657E+007   0.29827673E+009
   0.25900000E+002  -0.14135540E+007   0.29827673E+009
   0.26000000E+002  -0.14138677E+007   0.29827673E+009
   0.26100000E+002  -0.14142090E+007   0.29827672E+009
   0.26200000E+002  -0.14145805E+007   0.29827672E+009
   0.26300000E+002  -0.14149850E+007   0.29827672E+009
   0.26400000E+002  -0.14154258E+007   0.29827672E+009
   0.26500000E+002  -0.14159065E+007   0.29827672E+009
   0.26600000E+002  -0.14164317E+007   0.29827671E+009
   0.26700000E+002  -0.14170062E+007   0.29827671E+009
   0.26800000E+002  -0.14176361E+007   0.29827671E+009
   0.26900000E+002  -0.14183282E+007   0.29827671E+009
   0.27000000E+002  -0.14190908E+007   0.29827671E+009
   0.27100000E+002  -0.14199338E+007   0.29827670E+009
   0.27200000E+002  -0.14208690E+007   0.29827670E+009
   0.27300000E+002  -0.14219108E+007   0.29827670E+009
   0.27400000E+002  -0.14230768E+007   0.29827670E+009
   0.27500000E+002  -0.14243892E+007   0.29827669E+009
   0.27600000E+002  -0.14258754E+007   0.29827669E+009
   0.27700000E+002  -0.14275708E+007   0.29827669E+009
   0.27800000E+002  -0.14295210E+007   0.29827669E+009
   0.27900000E+002  -0.14317861E+007   0.29827669E+009
   0.28000000E+002  -0.14344475E+007   0.29827668E+009
   0.28100000E+002  -0.14376170E+007   0.29827668E+009
   0.28200000E+002  -0.14414538E+007   0.29827668E+009
   0.28300000E+002  -0.14461916E+007   0.29827668E+009
   0.28400000E+002  -0.14521887E+007   0.29827668E+009
   0.28500000E+002  -0.14600231E+007   0.29827667E+009
   0.28600000E+002  -0.14706922E+007   0.29827667E+009
   0.28700000E+002  -0.14860769E+007   0.29827667E+009
   0.28800000E+002  -0.15101983E+007   0.29827667E+009
   0.28900000E+002  -0.15534724E+007   0.29827666E+009
   0.29000000E+002  -0.16538134E+007   0.29827666E+009
   0.29100000E+002  -0.21435197E+007   0.29827666E+009
   0.29200000E+002  -0.21899904E+007   0.29827666E+009
   0.29300000E+002  -0.16591501E+007   0.29827666E+009
   0.29400000E+002  -0.15556346E+007   0.29827665E+009
   0.29500000E+002  -0.15115754E+007   0.29827665E+009
   0.29600000E+002  -0.14872038E+007   0.29827665E+009
   0.29700000E+002  -0.14717540E+007   0.29827665E+009
   0.29800000E+002  -0.14611006E+007   0.29827665E+009
   0.29900000E+002  -0.14533230E+007   0.29827664E+009
   0.30000000E+002  -0.14474061E+007   0.29827664E+009
   0.30100000E+002  -0.14427629E+007   0.29827664E+009
   0.30200000E+002  -0.14390304E+007   0.29827664E+009
   0.30300000E+002  -0.14359719E+007   0.29827663E+009
   0.30400000E+002  -0.14334267E+007   0.29827663E+009
   0.30500000E+002  -0.14312817E+007   0.29827663E+009
   0.30600000E+002  -0.14294552E+007   0.29827663E+009
   0.30700000E+002  -0.14278865E+007   0.29827663E+009
   0.30800000E+002  -0.14265296E+007   0.29827662E+009
   0.30900000E+002  -0.14253492E+007   0.29827662E+009
   0.31000000E+002  -0.14243175E+007   0.29827662E+009
   0.31100000E+002  -0.14234126E+007   0.29827662E+009
   0.31200000E+002  -0.14226167E+007   0.29827662E+009
   0.31300000E+002  -0.14219154E+007   0.29827661E+009
   0.31400000E+002  -0.14212970E+007   0.29827661E+009
   0.31500000E+002  -0.14207516E+007   0.29827661E+009
   0.31600000E+002  -0.14202711E+007   0.29827661E+009
   0.31700000E+002  -0.14198487E+007   0.29827661E+009
   0.31800000E+002  -0.14194784E+007   0.29827660E+009
   0.31900000E+002  -0.14191553E+007   0.29827660E+009
   0.32000000E+002  -0.14188753E+007   0.29827660E+009
   0.32100000E+002  -0.14186346E+007   0.29827660E+009
   0.32200000E+002  -0.14184301E+007   0.29827659E+009
   0.32300000E+002  -0.14182591E+007   0.29827659E+009
   0.32400000E+002  -0.14181191E+007   0.29827659E+009
   0.32500000E+002  -0.14180081E+007   0.29827659E+009
   0.32600000E+002  -0.14179243E+007   0.29827659E+009
   0.32700000E+002  -0.14178660E+007   0.29827658E+009
   0.32800000E+002  -0.14178318E+007   0.29827658E+009
   0.32900000E+002  -0.14178205E+007   0.29827658E+009
   0.33000000E+002  -0.14178310E+007   0.29827658E+009
   0.33100000E+002  -0.14178623E+007   0.29827658E+009
   0.33200000E+002  -0.14179136E+007   0.29827657E+009
   0.33300000E+002  -0.14179840E+007   0.29827657E+009
   0.33400000E+002  -0.14180730E+007   0.29827657E+009
   0.33500000E+002  -0.14181798E+007   0.29827657E+009
   0.33600001E+002  -0.14183041E+007   0.29827656E+009
   0.33700001E+002  -0.14184453E+007   0.29827656E+009
   0.33800001E+002  -0.14186030E+007   0.29827656E+009
   0.33900001E+002  -0.14187769E+007   0.29827656E+009
   0.34000001E+002  -0.14189666E+007   0.29827656E+009
   0.34100001E+002  -0.14191720E+007   0.29827655E+009
   0.34200001E+002  -0.14193927E+007   0.29827655E+009
   0.34300001E+002  -0.14196287E+007   0.29827655E+009
   0.34400001E+002  -0.14198797E+007   0.29827655E+009
   0.34500001E+002  -0.14201456E+007   0.29827655E+009
   0.34600001E+002  -0.14204263E+007   0.29827654E+009
   0.34700001E+002  -0.14207218E+007   0.29827654E+009
   0.34800001E+002  -0.14210320E+007   0.29827654E+009
   0.34900001E+002  -0.14213570E+007   0.29827654E+009
   0.35000001E+002  -0.14216966E+007   0.29827653E+009
   0.35100001E+002  -0.14220510E+007   0.29827653E+009
   0.35200001E+002  -0.14224201E+007   0.29827653E+009
   0.35300001E+002  -0.14228041E+007   0.29827653E+009
   0.35400001E+002  -0.14232030E+007   0.29827653E+009
   0.35500001E+002  -0.14236170E+007   0.29827652E+009
   0.35600001E+002  -0.14240461E+007   0.29827652E+009
   0.35700001E+002  -0.14244906E+007   0.29827652E+009
   0.35800001E+002  -0.14249505E+007   0.29827652E+009
   0.35900001E+002  -0.14254260E+007   0.29827652E+009
   0.36000001E+002  -0.14259174E+007   0.29827651E+009
   0.36100001E+002  -0.14264251E+007   0.29827651E+009
   0.36200001E+002  -0.14269643E+007   0.29827651E+009
   0.36300001E+002  -0.14274888E+007   0.29827651E+009
   0.36400001E+002  -0.14280452E+007   0.29827650E+009
   0.36500001E+002  -0.14286188E+007   0.29827650E+009
   0.36600001E+002  -0.14292099E+007   0.29827650E+009
   0.36700001E+002  -0.14298185E+007   0.29827650E+009
   0.36800001E+002  -0.14304451E+007   0.29827650E+009
   0.36900001E+002  -0.14310900E+007   0.29827649E+009
   0.37000001E+002  -0.14317536E+007   0.29827649E+009
   0.37100001E+002  -0.14324361E+007   0.29827649E+009
   0.37200001E+002  -0.14331381E+007   0.29827649E+009
   0.37300001E+002  -0.14338599E+007   0.29827649E+009
   0.37400001E+002  -0.14346020E+007   0.29827648E+009
   0.37500001E+002  -0.14353647E+007   0.29827648E+009
   0.37600001E+002  -0.14361487E+007   0.29827648E+009
   0.37700001E+002  -0.14369544E+007   0.29827648E+009
   0.37800001E+002  -0.14377823E+007   0.29827648E+009
   0.37900001E+002  -0.14386330E+007   0.29827647E+009
   0.38000001E+002  -0.14395071E+007   0.29827647E+009
   0.38100001E+002  -0.14404051E+007   0.29827647E+009
   0.38200001E+002  -0.14413276E+007   0.29827647E+009
   0.38300001E+002  -0.14422754E+007   0.29827646E+009
   0.38400001E+002  -0.14432491E+007   0.29827646E+009
   0.38500001E+002  -0.14442495E+007   0.29827646E+009
   0.38600001E+002  -0.14452772E+007   0.29827646E+009
   0.38700001E+002  -0.14463330E+007   0.29827646E+009
   0.38800001E+002  -0.14474178E+007   0.29827645E+009
   0.38900001E+002  -0.14485324E+007   0.29827645E+009
   0.39000001E+002  -0.14496778E+007   0.29827645E+009
   0.39100001E+002  -0.14508547E+007   0.29827645E+009
   0.39200001E+002  -0.14520643E+007   0.29827645E+009
   0.39300001E+002  -0.14533075E+007   0.29827644E+009
   0.39400001E+002  -0.14545854E+007   0.29827644E+009
   0.39500001E+002  -0.14558991E+007   0.29827644E+009
   0.39600001E+002  -0.14572498E+007   0.29827644E+009
   0.39700001E+002  -0.14586386E+007   0.29827644E+009
   0.39800001E+002  -0.14600670E+007   0.29827643E+009
   0.39900001E+002  -0.14615362E+007   0.29827643E+009
   0.40000001E+002  -0.14630477E+007   0.29827643E+009
   0.40100001E+002  -0.14646029E+007   0.29827643E+009
   0.40200001E+002  -0.14662034E+007   0.29827642E+009
   0.40300001E+002  -0.14678508E+007   0.29827642E+009
   0.40400001E+002  -0.14695468E+007   0.29827642E+009
   0.40500001E+002  -0.14712933E+007   0.29827642E+009
   0.40600001E+002  -0.14730922E+007   0.29827642E+009
   0.40700001E+002  -0.14749454E+007   0.29827641E+009
   0.40800001E+002  -0.14768551E+007   0.29827641E+009
   0.40900001E+002  -0.14788235E+007   0.29827641E+009
   0.41000001E+002  -0.14808530E+007   0.29827641E+009
   0.41100001E+002  -0.14829459E+007   0.29827641E+009
   0.41200001E+002  -0.14851051E+007   0.29827640E+009
   0.41300001E+002  -0.14873331E+007   0.29827640E+009
   0.41400001E+002  -0.14896330E+007   0.29827640E+009
   0.41500001E+002  -0.14920078E+007   0.29827640E+009
   0.41600001E+002  -0.14944609E+007   0.29827639E+009
   0.41700001E+002  -0.14969957E+007   0.29827639E+009
   0.41800001E+002  -0.14996159E+007   0.29827639E+009
   0.41900001E+002  -0.15023255E+007   0.29827639E+009
   0.42000001E+002  -0.15051286E+007   0.29827639E+009
   0.42100001E+002  -0.15080297E+007   0.29827638E+009
   0.42200001E+002  -0.15110334E+007   0.29827638E+009
   0.42300001E+002  -0.15141450E+007   0.29827638E+009
   0.42400001E+002  -0.15173697E+007   0.29827638E+009
   0.42500001E+002  -0.15207133E+007   0.29827638E+009
   0.42600001E+002  -0.15241820E+007   0.29827637E+009
   0.42700001E+002  -0.15277823E+007   0.29827637E+009
   0.42800001E+002  -0.15315214E+007   0.29827637E+009
   0.42900001E+002  -0.15354069E+007   0.29827637E+009
   0.43000001E+002  -0.15394468E+007   0.29827637E+009
   0.43100001E+002  -0.15436501E+007   0.29827636E+009
   0.43200001E+002  -0.15480261E+007   0.29827636E+009
   0.43300001E+002  -0.15525851E+007   0.29827636E+009
   0.43400001E+002  -0.15573381E+007   0.29827636E+009
   0.43500001E+002  -0.15622971E+007   0.29827635E+009
   0.43600001E+002  -0.15674751E+007   0.29827635E+009
   0.43700001E+002  -0.15728861E+007   0.29827635E+009
   0.43800001E+002  -0.15785455E+007   0.29827635E+009
   0.43900001E+002  -0.15844699E+007   0.29827635E+009
   0.44000001E+002  -0.15906776E+007   0.29827634E+009
   0.44100001E+002  -0.15971886E+007   0.29827634E+009
   0.44200001E+002  -0.16040247E+007   0.29827634E+009
   0.44300001E+002  -0.16112100E+007   0.29827634E+009
   0.44400001E+002  -0.16187709E+007   0.29827634E+009
   0.44500001E+002  -0.16267367E+007   0.29827633E+009
   0.44600001E+002  -0.16351397E+007   0.29827633E+009
   0.44700001E+002  -0.16440157E+007   0.29827633E+009
   0.44800001E+002  -0.16534048E+007   0.29827633E+009
   0.44900001E+002  -0.16633515E+007   0.29827633E+009
   0.45000001E+002  -0.16739057E+007   0.29827632E+009
   0.45100001E+002  -0.16851233E+007   0.29827632E+009
   0.45200001E+002  -0.16970676E+007   0.29827632E+009
   0.45300001E+002  -0.17098099E+007   0.29827632E+009
   0.45400001E+002  -0.17234314E+007   0.29827632E+009
   0.45500001E+002  -0.17380244E+007   0.29827631E+009
   0.45600001E+002  -0.17536951E+007   0.29827631E+009
   0.45700001E+002  -0.17705653E+007   0.29827631E+009
   0.45800001E+002  -0.17887760E+007   0.29827631E+009
   0.45900001E+002  -0.18084914E+007   0.29827630E+009
   0.46000001E+002  -0.18299034E+007   0.29827630E+009
   0.46100001E+002  -0.18532383E+007   0.29827630E+009
   0.46200001E+002  -0.18787642E+007   0.29827630E+009
   0.46300001E+002  -0.19068018E+007   0.29827630E+009
   0.46400001E+002  -0.19377373E+007   0.29827629E+009
   0.46500001E+002  -0.19720405E+007   0.29827629E+009
   0.46600001E+002  -0.20102889E+007   0.29827629E+009
   0.46700001E+002  -0.20531995E+007   0.29827629E+009
   0.46800001E+002  -0.21016746E+007   0.29827629E+009
   0.46900001E+002  -0.21568654E+007   0.29827628E+009
   0.47000001E+002  -0.22202641E+007   0.29827628E+009
   0.47100001E+002  -0.22938406E+007   0.29827628E+009
   0.47200001E+002  -0.23802496E+007   0.29827628E+009
   0.47300001E+002  -0.24831576E+007   0.29827628E+009
   0.47400001E+002  -0.26077744E+007   0.29827627E+009
   0.47500001E+002  -0.27617616E+007   0.29827627E+009
   0.47600001E+002  -0.29568670E+007   0.29827627E+009
   0.47700001E+002  -0.32120674E+007   0.29827627E+009
   0.47800001E+002  -0.35601409E+007   0.29827626E+009
   0.47900001E+002  -0.40629998E+007   0.29827626E+009
   0.48000001E+002  -0.48533106E+007   0.29827626E+009
   0.48100001E+002  -0.62759905E+007   0.29827626E+009
   0.48200001E+002  -0.95956284E+007   0.29827626E+009
   0.48300001E+002  -0.26189960E+008   0.29827625E+009
   0.48400001E+002  -0.26207316E+008   0.29827625E+009
   0.48500001E+002  -0.95969838E+007   0.29827625E+009
   0.48600001E+002  -0.62757009E+007   0.29827625E+009
   0.48700001E+002  -0.48522804E+007   0.29827625E+009
   0.48800001E+002  -0.40614314E+007   0.29827624E+009
   0.48900001E+002  -0.35581041E+007   0.29827624E+009
   0.49000001E+002  -0.32095928E+007   0.29827624E+009
   0.49100001E+002  -0.29539697E+007   0.29827624E+009
   0.49200001E+002  -0.27584503E+007   0.29827624E+009
   0.49300001E+002  -0.26040541E+007   0.29827623E+009
   0.49400001E+002  -0.24790317E+007   0.29827623E+009
   0.49500001E+002  -0.23757203E+007   0.29827623E+009
   0.49600001E+002  -0.22889092E+007   0.29827623E+009
   0.49700001E+002  -0.22149318E+007   0.29827622E+009
   0.49800001E+002  -0.21511329E+007   0.29827622E+009
   0.49900001E+002  -0.20955424E+007   0.29827622E+009
   0.50000001E+002  -0.20466681E+007   0.29827622E+009
   0.50100001E+002  -0.20033585E+007   0.29827622E+009
   0.50200001E+002  -0.19647114E+007   0.29827621E+009
   0.50300001E+002  -0.19300096E+007   0.29827621E+009
   0.50400001E+002  -0.18986756E+007   0.29827621E+009
   0.50500001E+002  -0.18702397E+007   0.29827621E+009
   0.50600001E+002  -0.18443154E+007   0.29827621E+009
   0.50700001E+002  -0.18205822E+007   0.29827620E+009
   0.50800001E+002  -0.17987719E+007   0.29827620E+009
   0.50900001E+002  -0.17786581E+007   0.29827620E+009
   0.51000001E+002  -0.17600490E+007   0.29827620E+009
   0.51100001E+002  -0.17427805E+007   0.29827620E+009
   0.51200001E+002  -0.17267113E+007   0.29827619E+009
   0.51300001E+002  -0.17117197E+007   0.29827619E+009
   0.51400001E+002  -0.16976996E+007   0.29827619E+009
   0.51500001E+002  -0.16845586E+007   0.29827619E+009
   0.51600001E+002  -0.16722155E+007   0.29827619E+009
   0.51700001E+002  -0.16605990E+007   0.29827618E+009
   0.51800001E+002  -0.16496458E+007   0.29827618E+009
   0.51900001E+002  -0.16393000E+007   0.29827618E+009
   0.52000001E+002  -0.16295117E+007   0.29827618E+009
   0.52100001E+002  -0.16202362E+007   0.29827617E+009
   0.52200001E+002  -0.16114338E+007   0.29827617E+009
   0.52300001E+002  -0.16030683E+007   0.29827617E+009
   0.52400001E+002  -0.15951076E+007   0.29827617E+009
   0.52500001E+002  -0.15875224E+007   0.29827617E+009
   0.52600001E+002  -0.15802862E+007   0.29827616E+009
   0.52700001E+002  -0.15733749E+007   0.29827616E+009
   0.52800001E+002  -0.15667667E+007   0.29827616E+009
   0.52900001E+002  -0.15604416E+007   0.29827616E+009
   0.53000001E+002  -0.15543814E+007   0.29827616E+009
   0.53100001E+002  -0.15485694E+007   0.29827615E+009
   0.53200001E+002  -0.15429902E+007   0.29827615E+009
   0.53300001E+002  -0.15376298E+007   0.29827615E+009
   0.53400001E+002  -0.15324751E+007   0.29827615E+009
   0.53500001E+002  -0.15275143E+007   0.29827615E+009
   0.53600001E+002  -0.15227362E+007   0.29827614E+009
   0.53700001E+002  -0.15181306E+007   0.29827614E+009
   0.53800001E+002  -0.15136881E+007   0.29827614E+009
   0.53900001E+002  -0.15093999E+007   0.29827614E+009
   0.54000001E+002  -0.15052577E+007   0.29827614E+009
   0.54100001E+002  -0.15012541E+007   0.29827613E+009
   0.54200001E+002  -0.14973818E+007   0.29827613E+009
   0.54300001E+002  -0.14936343E+007   0.29827613E+009
   0.54400001E+002  -0.14900055E+007   0.29827613E+009
   0.54500001E+002  -0.14864895E+007   0.29827613E+009
   0.54600001E+002  -0.14830809E+007   0.29827612E+009
   0.54700001E+002  -0.14797748E+007   0.29827612E+009
   0.54800001E+002  -0.14765663E+007   0.29827612E+009
   0.54900001E+002  -0.14734510E+007   0.29827612E+009
   0.55000001E+002  -0.14704247E+007   0.29827611E+009
   0.55100001E+002  -0.14674835E+007   0.29827611E+009
   0.55200001E+002  -0.14646237E+007   0.29827611E+009
   0.55300001E+002  -0.14618417E+007   0.29827611E+009
   0.55400001E+002  -0.14591343E+007   0.29827611E+009
   0.55500001E+002  -0.14564983E+007   0.29827610E+009
   0.55600001E+002  -0.14539308E+007   0.29827610E+009
   0.55700001E+002  -0.14514291E+007   0.29827610E+009
   0.55800001E+002  -0.14489905E+007   0.29827610E+009
   0.55900001E+002  -0.14466125E+007   0.29827610E+009
   0.56000001E+002  -0.14442927E+007   0.29827609E+009
   0.56100001E+002  -0.14420290E+007   0.29827609E+009
   0.56200001E+002  -0.14398191E+007   0.29827609E+009
   0.56300001E+002  -0.14376611E+007   0.29827609E+009
   0.56400001E+002  -0.14355530E+007   0.29827609E+009
   0.56500001E+002  -0.14334930E+007   0.29827608E+009
   0.56600001E+002  -0.14314795E+007   0.29827608E+009
   0.56700001E+002  -0.14295106E+007   0.29827608E+009
   0.56800001E+002  -0.14275849E+007   0.29827608E+009
   0.56900001E+002  -0.14257009E+007   0.29827608E+009
   0.57000001E+002  -0.14238571E+007   0.29827607E+009
   0.57100001E+002  -0.14220522E+007   0.29827607E+009
   0.57200001E+002  -0.14202848E+007   0.29827607E+009
   0.57300001E+002  -0.14185537E+007   0.29827607E+009
   0.57400001E+002  -0.14168578E+007   0.29827607E+009
   0.57500001E+002  -0.14151958E+007   0.29827606E+009
   0.57600001E+002  -0.14135667E+007   0.29827606E+009
   0.57700001E+002  -0.14119695E+007   0.29827606E+009
   0.57800001E+002  -0.14104031E+007   0.29827606E+009
   0.57900001E+002  -0.14088667E+007   0.29827605E+009
   0.58000001E+002  -0.14073592E+007   0.29827605E+009
   0.58100001E+002  -0.14058798E+007   0.29827605E+009
   0.58200001E+002  -0.14044277E+007   0.29827605E+009
   0.58300001E+002  -0.14030020E+007   0.29827605E+009
   0.58400001E+002  -0.14016020E+007   0.29827604E+009
   0.58500001E+002  -0.14002269E+007   0.29827604E+009
   0.58600001E+002  -0.13988760E+007   0.29827604E+009
   0.58700001E+002  -0.13975487E+007   0.29827604E+009
   0.58800001E+002  -0.13962442E+007   0.29827604E+009
   0.58900001E+002  -0.13949619E+007   0.29827603E+009
   0.59000001E+002  -0.13937012E+007   0.29827603E+009
   0.59100001E+002  -0.13924616E+007   0.29827603E+009
   0.59200001E+002  -0.13912424E+007   0.29827603E+009
   0.59300001E+002  -0.13900431E+007   0.29827603E+009
   0.59400001E+002  -0.13888631E+007   0.29827602E+009
   0.59500001E+002  -0.13877020E+007   0.29827602E+009
   0.59600001E+002  -0.13865593E+007   0.29827602E+009
   0.59700001E+002  -0.13854345E+007   0.29827602E+009
   0.59800001E+002  -0.13843272E+007   0.29827602E+009
   0.59900001E+002  -0.13832368E+007   0.29827601E+009
   0.60000001E+002  -0.13821630E+007   0.29827601E+009
   0.60100001E+002  -0.13811054E+007   0.29827601E+009
   0.60200001E+002  -0.13800635E+007   0.29827601E+009
   0.60300001E+002  -0.13790370E+007   0.29827601E+009
   0.60400001E+002  -0.13780256E+007   0.29827600E+009
   0.60500001E+002  -0.13770287E+007   0.29827600E+009
   0.60600001E+002  -0.13760462E+007   0.29827600E+009
   0.60700001E+002  -0.13750777E+007   0.29827600E+009
   0.60800001E+002  -0.13741228E+007   0.29827599E+009
   0.60900001E+002  -0.13731812E+007   0.29827599E+009
   0.61000001E+002  -0.13722527E+007   0.29827599E+009
   0.61100001E+002  -0.13713369E+007   0.29827599E+009
   0.61200001E+002  -0.13704335E+007   0.29827599E+009
   0.61300001E+002  -0.13695423E+007   0.29827598E+009
   0.61400001E+002  -0.13686630E+007   0.29827598E+009
   0.61500001E+002  -0.13677954E+007   0.29827598E+009
   0.61600001E+002  -0.13669391E+007   0.29827598E+009
   0.61700001E+002  -0.13660940E+007   0.29827598E+009
   0.61800001E+002  -0.13652598E+007   0.29827597E+009
   0.61900001E+002  -0.13644363E+007   0.29827597E+009
   0.62000001E+002  -0.13636233E+007   0.29827597E+009
   0.62100001E+002  -0.13628205E+007   0.29827597E+009
   0.62200001E+002  -0.13620277E+007   0.29827597E+009
   0.62300001E+002  -0.13612447E+007   0.29827596E+009
   0.62400001E+002  -0.13604714E+007   0.29827596E+009
   0.62500001E+002  -0.13597075E+007   0.29827596E+009
   0.62600001E+002  -0.13589529E+007   0.29827596E+009
   0.62700001E+002  -0.13582073E+007   0.29827596E+009
   0.62800001E+002  -0.13574707E+007   0.29827595E+009
   0.62900001E+002  -0.13567428E+007   0.29827595E+009
   0.63000001E+002  -0.13560234E+007   0.29827595E+009
   0.63100001E+002  -0.13553124E+007   0.29827595E+009
   0.63200001E+002  -0.13546097E+007   0.29827595E+009
   0.63300001E+002  -0.13539150E+007   0.29827594E+009
   0.63400001E+002  -0.13532283E+007   0.29827594E+009
   0.63500001E+002  -0.13525494E+007   0.29827594E+009
   0.63600001E+002  -0.13518781E+007   0.29827594E+009
   0.63700001E+002  -0.13512143E+007   0.29827594E+009
   0.63800001E+002  -0.13505579E+007   0.29827593E+009
   0.63900001E+002  -0.13499088E+007   0.29827593E+009
   0.64000001E+002  -0.13492668E+007   0.29827593E+009
   0.64100001E+002  -0.13486318E+007   0.29827593E+009
   0.64200001E+002  -0.13480037E+007   0.29827593E+009
   0.64300001E+002  -0.13473824E+007   0.29827592E+009
   0.64400001E+002  -0.13467677E+007   0.29827592E+009
   0.64500001E+002  -0.13461595E+007   0.29827592E+009
   0.64600001E+002  -0.13455578E+007   0.29827592E+009
   0.64700001E+002  -0.13449624E+007   0.29827591E+009
   0.64800001E+002  -0.13443733E+007   0.29827591E+009
   0.64900001E+002  -0.13437903E+007   0.29827591E+009
   0.65000001E+002  -0.13432133E+007   0.29827591E+009
   0.65100001E+002  -0.13426422E+007   0.29827591E+009
   0.65200001E+002  -0.13420770E+007   0.29827590E+009
   0.65300001E+002  -0.13415176E+007   0.29827590E+009
   0.65400001E+002  -0.13409638E+007   0.29827590E+009
   0.65500001E+002  -0.13404156E+007   0.29827590E+009
   0.65600001E+002  -0.13398729E+007   0.29827590E+009
   0.65700001E+002  -0.13393356E+007   0.29827589E+009
   0.65800001E+002  -0.13388036E+007   0.29827589E+009
   0.65900001E+002  -0.13382770E+007   0.29827589E+009
   0.66000001E+002  -0.13377555E+007   0.29827589E+009
   0.66100001E+002  -0.13372391E+007   0.29827589E+009
   0.66200001E+002  -0.13367278E+007   0.29827588E+009
   0.66300001E+002  -0.13362214E+007   0.29827588E+009
   0.66400001E+002  -0.13357200E+007   0.29827588E+009
   0.66500001E+002  -0.13352233E+007   0.29827588E+009
   0.66600001E+002  -0.13347315E+007   0.29827588E+009
   0.66700001E+002  -0.13342444E+007   0.29827587E+009
   0.66800001E+002  -0.13337619E+007   0.29827587E+009
   0.66900001E+002  -0.13332840E+007   0.29827587E+009
   0.67000001E+002  -0.13328107E+007   0.29827587E+009
   0.67100001E+002  -0.13323418E+007   0.29827587E+009
   0.67200001E+002  -0.13318774E+007   0.29827586E+009
   0.67300001E+002  -0.13314173E+007   0.29827586E+009
   0.67400001E+002  -0.13309616E+007   0.29827586E+009
   0.67500001E+002  -0.13305101E+007   0.29827586E+009
   0.67600001E+002  -0.13300628E+007   0.29827586E+009
   0.67700001E+002  -0.13296197E+007   0.29827585E+009
   0.67800001E+002  -0.13291807E+007   0.29827585E+009
   0.67900001E+002  -0.13287458E+007   0.29827585E+009
   0.68000001E+002  -0.13283149E+007   0.29827585E+009
   0.68100001E+002  -0.13278880E+007   0.29827585E+009
   0.68200001E+002  -0.13274650E+007   0.29827584E+009
   0.68300001E+002  -0.13270459E+007   0.29827584E+009
   0.68400001E+002  -0.13266307E+007   0.29827584E+009
   0.68500001E+002  -0.13262194E+007   0.29827584E+009
   0.68600001E+002  -0.13258118E+007   0.29827584E+009
   0.68700001E+002  -0.13254079E+007   0.29827583E+009
   0.68800001E+002  -0.13250078E+007   0.29827583E+009
   0.68900001E+002  -0.13246113E+007   0.29827583E+009
   0.69000001E+002  -0.13242185E+007   0.29827583E+009
   0.69100001E+002  -0.13238293E+007   0.29827582E+009
   0.69200001E+002  -0.13234437E+007   0.29827582E+009
   0.69300001E+002  -0.13230616E+007   0.29827582E+009
   0.69400001E+002  -0.13226830E+007   0.29827582E+009
   0.69500001E+002  -0.13223080E+007   0.29827582E+009
   0.69600001E+002  -0.13219363E+007   0.29827581E+009
   0.69700001E+002  -0.13215682E+007   0.29827581E+009
   0.69800001E+002  -0.13212034E+007   0.29827581E+009
   0.69900001E+002  -0.13208420E+007   0.29827581E+009
   0.70000001E+002  -0.13204840E+007   0.29827581E+009
   0.70100001E+002  -0.13201293E+007   0.29827580E+009
   0.70200001E+002  -0.13197779E+007   0.29827580E+009
   0.70300001E+002  -0.13194298E+007   0.29827580E+009
   0.70400001E+002  -0.13190850E+007   0.29827580E+009
   0.70500001E+002  -0.13187435E+007   0.29827580E+009
   0.70600001E+002  -0.13184051E+007   0.29827579E+009
   0.70700001E+002  -0.13180700E+007   0.29827579E+009
   0.70800001E+002  -0.13177381E+007   0.29827579E+009
   0.70900001E+002  -0.13174094E+007   0.29827579E+009
   0.71000001E+002  -0.13170838E+007   0.29827579E+009
   0.71100001E+002  -0.13167614E+007   0.29827578E+009
   0.71200001E+002  -0.13164421E+007   0.29827578E+009
   0.71300001E+002  -0.13161260E+007   0.29827578E+009
   0.71400001E+002  -0.13158129E+007   0.29827578E+009
   0.71500001E+002  -0.13155030E+007   0.29827578E+009
   0.71600001E+002  -0.13151962E+007   0.29827577E+009
   0.71700001E+002  -0.13148924E+007   0.29827577E+009
   0.71800001E+002  -0.13145917E+007   0.29827577E+009
   0.71900001E+002  -0.13142941E+007   0.29827577E+009
   0.72000001E+002  -0.13139995E+007   0.29827577E+009
   0.72100001E+002  -0.13137081E+007   0.29827576E+009
   0.72200001E+002  -0.13134196E+007   0.29827576E+009
   0.72300001E+002  -0.13131342E+007   0.29827576E+009
   0.72400001E+002  -0.13128519E+007   0.29827576E+009
   0.72500001E+002  -0.13125726E+007   0.29827576E+009
   0.72600001E+002  -0.13122963E+007   0.29827575E+009
   0.72700001E+002  -0.13120231E+007   0.29827575E+009
   0.72800001E+002  -0.13117529E+007   0.29827575E+009
   0.72900001E+002  -0.13114858E+007   0.29827575E+009
   0.73000001E+002  -0.13112218E+007   0.29827575E+009
   0.73100001E+002  -0.13109608E+007   0.29827574E+009
   0.73200001E+002  -0.13107028E+007   0.29827574E+009
   0.73300001E+002  -0.13104480E+007   0.29827574E+009
   0.73400001E+002  -0.13101962E+007   0.29827574E+009
   0.73500001E+002  -0.13099475E+007   0.29827574E+009
   0.73600001E+002  -0.13097019E+007   0.29827573E+009
   0.73700001E+002  -0.13094595E+007   0.29827573E+009
   0.73800001E+002  -0.13092201E+007   0.29827573E+009
   0.73900001E+002  -0.13089839E+007   0.29827573E+009
   0.74000001E+002  -0.13087509E+007   0.29827573E+009
   0.74100001E+002  -0.13085210E+007   0.29827572E+009
   0.74200001E+002  -0.13082944E+007   0.29827572E+009
   0.74300001E+002  -0.13080709E+007   0.29827572E+009
   0.74400001E+002  -0.13078507E+007   0.29827572E+009
   0.74500001E+002  -0.13076338E+007   0.29827572E+009
   0.74600001E+002  -0.13074202E+007   0.29827571E+009
   0.74700001E+002  -0.13072099E+007   0.29827571E+009
   0.74800001E+002  -0.13070030E+007   0.29827571E+009
   0.74900001E+002  -0.13067994E+007   0.29827571E+009
   0.75000001E+002  -0.13065993E+007   0.29827571E+009
   0.75100001E+002  -0.13064026E+007   0.29827570E+009
   0.75200001E+002  -0.13062095E+007   0.29827570E+009
   0.75300001E+002  -0.13060199E+007   0.29827570E+009
   0.75400001E+002  -0.13058338E+007   0.29827570E+009
   0.75500001E+002  -0.13056515E+007   0.29827570E+009
   0.75600001E+002  -0.13054728E+007   0.29827569E+009
   0.75700001E+002  -0.13052979E+007   0.29827569E+009
   0.75800001E+002  -0.13051267E+007   0.29827569E+009
   0.75900001E+002  -0.13049595E+007   0.29827569E+009
   0.76000001E+002  -0.13047961E+007   0.29827568E+009
   0.76100001E+002  -0.13046368E+007   0.29827568E+009
   0.76200001E+002  -0.13044815E+007   0.29827568E+009
   0.76300001E+002  -0.13043304E+007   0.29827568E+009
   0.76400001E+002  -0.13041836E+007   0.29827568E+009
   0.76500001E+002  -0.13040410E+007   0.29827567E+009
   0.76600001E+002  -0.13039029E+007   0.29827567E+009
   0.76700001E+002  -0.13037693E+007   0.29827567E+009
   0.76800001E+002  -0.13036403E+007   0.29827567E+009
   0.76900001E+002  -0.13035160E+007   0.29827567E+009
   0.77000001E+002  -0.13033966E+007   0.29827566E+009
   0.77100001E+002  -0.13032821E+007   0.29827566E+009
   0.77200001E+002  -0.13031728E+007   0.29827566E+009
   0.77300001E+002  -0.13030687E+007   0.29827566E+009
   0.77400001E+002  -0.13029701E+007   0.29827566E+009
   0.77500001E+002  -0.13028770E+007   0.29827565E+009
   0.77600001E+002  -0.13027896E+007   0.29827565E+009
   0.77700001E+002  -0.13027081E+007   0.29827565E+009
   0.77800001E+002  -0.13026328E+007   0.29827565E+009
   0.77900001E+002  -0.13025638E+007   0.29827565E+009
   0.78000001E+002  -0.13025014E+007   0.29827564E+009
   0.78100001E+002  -0.13024458E+007   0.29827564E+009
   0.78200001E+002  -0.13023972E+007   0.29827564E+009
   0.78300001E+002  -0.13023560E+007   0.29827564E+009
   0.78400001E+002  -0.13023224E+007   0.29827564E+009
   0.78500001E+002  -0.13022968E+007   0.29827563E+009
   0.78600001E+002  -0.13022795E+007   0.29827563E+009
   0.78700001E+002  -0.13022709E+007   0.29827563E+009
   0.78800001E+002  -0.13022714E+007   0.29827563E+009
   0.78900001E+002  -0.13022814E+007   0.29827563E+009
   0.79000001E+002  -0.13023015E+007   0.29827562E+009
   0.79100001E+002  -0.13023320E+007   0.29827562E+009
   0.79200001E+002  -0.13023737E+007   0.29827562E+009
   0.79300001E+002  -0.13024271E+007   0.29827562E+009
   0.79400001E+002  -0.13024928E+007   0.29827562E+009
   0.79500001E+002  -0.13025717E+007   0.29827561E+009
   0.79600001E+002  -0.13026644E+007   0.29827561E+009
   0.79700001E+002  -0.13027720E+007   0.29827561E+009
   0.79800001E+002  -0.13028953E+007   0.29827561E+009
   0.79900001E+002  -0.13030355E+007   0.29827561E+009
   0.80000001E+002  -0.13031937E+007   0.29827560E+009
   0.80100001E+002  -0.13033713E+007   0.29827560E+009
   0.80200001E+002  -0.13035697E+007   0.29827560E+009
   0.80300001E+002  -0.13037906E+007   0.29827560E+009
   0.80400001E+002  -0.13040359E+007   0.29827560E+009
   0.80500001E+002  -0.13043076E+007   0.29827559E+009
   0.80600001E+002  -0.13046083E+007   0.29827559E+009
   0.80700001E+002  -0.13049411E+007   0.29827559E+009
   0.80800001E+002  -0.13053104E+007   0.29827559E+009
   0.80900001E+002  -0.13057320E+007   0.29827559E+009
   0.81000001E+002  -0.13061913E+007   0.29827558E+009
   0.81100001E+002  -0.13066480E+007   0.29827558E+009
   0.81200001E+002  -0.13071831E+007   0.29827558E+009
   0.81300001E+002  -0.13077784E+007   0.29827558E+009
   0.81400001E+002  -0.13084386E+007   0.29827558E+009
   0.81500001E+002  -0.13091715E+007   0.29827557E+009
   0.81600001E+002  -0.13099866E+007   0.29827557E+009
   0.81700001E+002  -0.13108955E+007   0.29827557E+009
   0.81800001E+002  -0.13119123E+007   0.29827557E+009
   0.81900001E+002  -0.13130540E+007   0.29827557E+009
   0.82000001E+002  -0.13143418E+007   0.29827556E+009
   0.82100001E+002  -0.13158017E+007   0.29827556E+009
   0.82200001E+002  -0.13174669E+007   0.29827556E+009
   0.82300001E+002  -0.13193795E+007   0.29827556E+009
   0.82400001E+002  -0.13215941E+007   0.29827556E+009
   0.82500001E+002  -0.13241829E+007   0.29827555E+009
   0.82600001E+002  -0.13272436E+007   0.29827555E+009
   0.82700001E+002  -0.13309110E+007   0.29827555E+009
   0.82800001E+002  -0.13353774E+007   0.29827555E+009
   0.82900001E+002  -0.13409260E+007   0.29827555E+009
   0.83000001E+002  -0.13479927E+007   0.29827554E+009
   0.83100001E+002  -0.13572845E+007   0.29827554E+009
   0.83200001E+002  -0.13700291E+007   0.29827554E+009
   0.83300001E+002  -0.13885626E+007   0.29827554E+009
   0.83400001E+002  -0.14179455E+007   0.29827554E+009
   0.83500001E+002  -0.14715679E+007   0.29827553E+009
   0.83600001E+002  -0.16002717E+007   0.29827553E+009
   0.83700001E+002  -0.23277372E+007   0.29827553E+009
   0.83800001E+002  -0.20724641E+007   0.29827553E+009
   0.83900001E+002  -0.15722598E+007   0.29827553E+009
   0.84000001E+002  -0.14613049E+007   0.29827552E+009
   0.84100001E+002  -0.14124928E+007   0.29827552E+009
   0.84200001E+002  -0.13850310E+007   0.29827552E+009
   0.84300001E+002  -0.13674219E+007   0.29827552E+009
   0.84400001E+002  -0.13551681E+007   0.29827552E+009
   0.84500001E+002  -0.13461489E+007   0.29827551E+009
   0.84600001E+002  -0.13392333E+007   0.29827551E+009
   0.84700001E+002  -0.13337630E+007   0.29827551E+009
   0.84800001E+002  -0.13293290E+007   0.29827551E+009
   0.84900001E+002  -0.13256636E+007   0.29827551E+009
   0.85000001E+002  -0.13225844E+007   0.29827550E+009
   0.85100001E+002  -0.13199628E+007   0.29827550E+009
   0.85200001E+002  -0.13177055E+007   0.29827550E+009
   0.85300001E+002  -0.13157431E+007   0.29827550E+009
   0.85400001E+002  -0.13140232E+007   0.29827550E+009
   0.85500001E+002  -0.13125050E+007   0.29827549E+009
   0.85600001E+002  -0.13111569E+007   0.29827549E+009
   0.85700001E+002  -0.13099536E+007   0.29827549E+009
   0.85800001E+002  -0.13088747E+007   0.29827549E+009
   0.85900001E+002  -0.13079036E+007   0.29827549E+009
   0.86000001E+002  -0.13070267E+007   0.29827548E+009
   0.86100001E+002  -0.13062329E+007   0.29827548E+009
   0.86200001E+002  -0.13055126E+007   0.29827548E+009
   0.86300001E+002  -0.13048581E+007   0.29827548E+009
   0.86400001E+002  -0.13042624E+007   0.29827548E+009
   0.86500001E+002  -0.13037201E+007   0.29827547E+009
   0.86600001E+002  -0.13032261E+007   0.29827547E+009
   0.86700001E+002  -0.13027763E+007   0.29827547E+009
   0.86800001E+002  -0.13023670E+007   0.29827547E+009
   0.86900001E+002  -0.13019952E+007   0.29827547E+009
   0.87000001E+002  -0.13016580E+007   0.29827546E+009
   0.87100001E+002  -0.13013531E+007   0.29827546E+009
   0.87200001E+002  -0.13010785E+007   0.29827546E+009
   0.87300001E+002  -0.13008322E+007   0.29827546E+009
   0.87400001E+002  -0.13006128E+007   0.29827546E+009
   0.87500001E+002  -0.13004188E+007   0.29827545E+009
   0.87600001E+002  -0.13002490E+007   0.29827545E+009
   0.87700001E+002  -0.13001023E+007   0.29827545E+009
   0.87800001E+002  -0.12999779E+007   0.29827545E+009
   0.87900001E+002  -0.12998748E+007   0.29827545E+009
   0.88000001E+002  -0.12997925E+007   0.29827544E+009
   0.88100001E+002  -0.12997303E+007   0.29827544E+009
   0.88200001E+002  -0.12996877E+007   0.29827544E+009
   0.88300001E+002  -0.12996644E+007   0.29827544E+009
   0.88400001E+002  -0.12996598E+007   0.29827544E+009
   0.88500001E+002  -0.12996739E+007   0.29827543E+009
   0.88600001E+002  -0.12997063E+007   0.29827543E+009
   0.88700001E+002  -0.12997569E+007   0.29827543E+009
   0.88800001E+002  -0.12998257E+007   0.29827543E+009
   0.88900001E+002  -0.12999125E+007   0.29827543E+009
   0.89000001E+002  -0.13000175E+007   0.29827542E+009
   0.89100001E+002  -0.13001408E+007   0.29827542E+009
   0.89200001E+002  -0.13002823E+007   0.29827542E+009
   0.89300001E+002  -0.13004425E+007   0.29827542E+009
   0.89400001E+002  -0.13006214E+007   0.29827542E+009
   0.89500001E+002  -0.13008194E+007   0.29827541E+009
   0.89600001E+002  -0.13010368E+007   0.29827541E+009
   0.89700001E+002  -0.13012740E+007   0.29827541E+009
   0.89800001E+002  -0.13015316E+007   0.29827541E+009
   0.89900001E+002  -0.13018099E+007   0.29827541E+009
   0.90000001E+002  -0.13021097E+007   0.29827540E+009
   0.90100001E+002  -0.13024315E+007   0.29827540E+009
   0.90200001E+002  -0.13027761E+007   0.29827540E+009
   0.90300001E+002  -0.13031443E+007   0.29827540E+009
   0.90400001E+002  -0.13035370E+007   0.29827540E+009
   0.90500001E+002  -0.13039550E+007   0.29827540E+009
   0.90600001E+002  -0.13043996E+007   0.29827539E+009
   0.90700001E+002  -0.13048718E+007   0.29827539E+009
   0.90800001E+002  -0.13053728E+007   0.29827539E+009
   0.90900001E+002  -0.13059042E+007   0.29827539E+009
   0.91000001E+002  -0.13064674E+007   0.29827539E+009
   0.91100001E+002  -0.13070640E+007   0.29827538E+009
   0.91200001E+002  -0.13076959E+007   0.29827538E+009
   0.91300001E+002  -0.13083651E+007   0.29827538E+009
   0.91400001E+002  -0.13090737E+007   0.29827538E+009
   0.91500001E+002  -0.13098243E+007   0.29827538E+009
   0.91600001E+002  -0.13106193E+007   0.29827537E+009
   0.91700001E+002  -0.13114618E+007   0.29827537E+009
   0.91800001E+002  -0.13123550E+007   0.29827537E+009
   0.91900001E+002  -0.13133024E+007   0.29827537E+009
   0.92000001E+002  -0.13143080E+007   0.29827537E+009
   0.92100001E+002  -0.13153762E+007   0.29827536E+009
   0.92200001E+002  -0.13165120E+007   0.29827536E+009
   0.92300001E+002  -0.13177208E+007   0.29827536E+009
   0.92400001E+002  -0.13190087E+007   0.29827536E+009
   0.92500001E+002  -0.13203828E+007   0.29827536E+009
   0.92600001E+002  -0.13218508E+007   0.29827535E+009
   0.92700001E+002  -0.13234216E+007   0.29827535E+009
   0.92800001E+002  -0.13251052E+007   0.29827535E+009
   0.92900001E+002  -0.13269132E+007   0.29827535E+009
   0.93000001E+002  -0.13288588E+007   0.29827535E+009
   0.93100001E+002  -0.13309571E+007   0.29827534E+009
   0.93200001E+002  -0.13332258E+007   0.29827534E+009
   0.93300001E+002  -0.13356854E+007   0.29827534E+009
   0.93400001E+002  -0.13383600E+007   0.29827534E+009
   0.93500001E+002  -0.13412780E+007   0.29827534E+009
   0.93600001E+002  -0.13444732E+007   0.29827533E+009
   0.93700001E+002  -0.13479860E+007   0.29827533E+009
   0.93800001E+002  -0.13518653E+007   0.29827533E+009
   0.93900001E+002  -0.13561705E+007   0.29827533E+009
   0.94000001E+002  -0.13609753E+007   0.29827533E+009
   0.94100001E+002  -0.13663711E+007   0.29827532E+009
   0.94200001E+002  -0.13724736E+007   0.29827532E+009
   0.94300001E+002  -0.13794309E+007   0.29827532E+009
   0.94400001E+002  -0.13874360E+007   0.29827532E+009
   0.94500001E+002  -0.13967452E+007   0.29827532E+009
   0.94600001E+002  -0.14077063E+007   0.29827531E+009
   0.94700001E+002  -0.14208032E+007   0.29827531E+009
   0.94800001E+002  -0.14367302E+007   0.29827531E+009
   0.94900001E+002  -0.14565199E+007   0.29827531E+009
   0.95000001E+002  -0.14817780E+007   0.29827531E+009
   0.95100001E+002  -0.15151453E+007   0.29827530E+009
   0.95200001E+002  -0.15612911E+007   0.29827530E+009
   0.95300001E+002  -0.16293254E+007   0.29827530E+009
   0.95400001E+002  -0.17397236E+007   0.29827530E+009
   0.95500001E+002  -0.19500839E+007   0.29827530E+009
   0.95600001E+002  -0.25090130E+007   0.29827529E+009
   0.95700001E+002  -0.84878617E+007   0.29827529E+009
   0.95800001E+002  -0.31497724E+007   0.29827529E+009
   0.95900001E+002  -0.21056717E+007   0.29827529E+009
   0.96000001E+002  -0.18091392E+007   0.29827529E+009
   0.96100001E+002  -0.16690318E+007   0.29827528E+009
   0.96200001E+002  -0.15874620E+007   0.29827528E+009
   0.96300001E+002  -0.15341198E+007   0.29827528E+009
   0.96400001E+002  -0.14965470E+007   0.29827528E+009
   0.96500001E+002  -0.14686758E+007   0.29827528E+009
   0.96600001E+002  -0.14471990E+007   0.29827527E+009
   0.96700001E+002  -0.14301604E+007   0.29827527E+009
   0.96800001E+002  -0.14163286E+007   0.29827527E+009
   0.96900001E+002  -0.14048900E+007   0.29827527E+009
   0.97000001E+002  -0.13952855E+007   0.29827527E+009
   0.97100001E+002  -0.13871180E+007   0.29827527E+009
   0.97200001E+002  -0.13800980E+007   0.29827526E+009
   0.97300001E+002  -0.13740093E+007   0.29827526E+009
   0.97400001E+002  -0.13686872E+007   0.29827526E+009
   0.97500001E+002  -0.13640041E+007   0.29827526E+009
   0.97600001E+002  -0.13598596E+007   0.29827526E+009
   0.97700001E+002  -0.13561736E+007   0.29827525E+009
   0.97800001E+002  -0.13528816E+007   0.29827525E+009
   0.97900001E+002  -0.13499307E+007   0.29827525E+009
   0.98000001E+002  -0.13472776E+007   0.29827525E+009
   0.98100001E+002  -0.13448862E+007   0.29827525E+009
   0.98200001E+002  -0.13427263E+007   0.29827524E+009
   0.98300001E+002  -0.13407724E+007   0.29827524E+009
   0.98400001E+002  -0.13390029E+007   0.29827524E+009
   0.98500001E+002  -0.13373992E+007   0.29827524E+009
   0.98600001E+002  -0.13359455E+007   0.29827524E+009
   0.98700001E+002  -0.13346282E+007   0.29827523E+009
   0.98800001E+002  -0.13334353E+007   0.29827523E+009
   0.98900001E+002  -0.13323566E+007   0.29827523E+009
   0.99000001E+002  -0.13313829E+007   0.29827523E+009
   0.99100001E+002  -0.13305065E+007   0.29827523E+009
   0.99200001E+002  -0.13297202E+007   0.29827522E+009
   0.99300001E+002  -0.13290181E+007   0.29827522E+009
   0.99400001E+002  -0.13283948E+007   0.29827522E+009
   0.99500001E+002  -0.13278453E+007   0.29827522E+009
   0.99600001E+002  -0.13273655E+007   0.29827522E+009
   0.99700001E+002  -0.13269516E+007   0.29827521E+009
   0.99800001E+002  -0.13266003E+007   0.29827521E+009
   0.99900001E+002  -0.13263087E+007   0.29827521E+009
   0.10000000E+003  -0.13260740E+007   0.29827521E+009
   0.10010000E+003  -0.13258939E+007   0.29827521E+009
   0.10020000E+003  -0.13257665E+007   0.29827520E+009
   0.10030000E+003  -0.13256898E+007   0.29827520E+009
   0.10040000E+003  -0.13256623E+007   0.29827520E+009
   0.10050000E+003  -0.13256825E+007   0.29827520E+009
   0.10060000E+003  -0.13257493E+007   0.29827520E+009
   0.10070000E+003  -0.13258615E+007   0.29827519E+009
   0.10080000E+003  -0.13260184E+007   0.29827519E+009
   0.10090000E+003  -0.13262190E+007   0.29827519E+009
   0.10100000E+003  -0.13264629E+007   0.29827519E+009
   0.10110000E+003  -0.13267495E+007   0.29827519E+009
   0.10120000E+003  -0.13270784E+007   0.29827518E+009
   0.10130000E+003  -0.13274493E+007   0.29827518E+009
   0.10140000E+003  -0.13278622E+007   0.29827518E+009
   0.10150000E+003  -0.13283168E+007   0.29827518E+009
   0.10160000E+003  -0.13288134E+007   0.29827518E+009
   0.10170000E+003  -0.13293520E+007   0.29827518E+009
   0.10180000E+003  -0.13299328E+007   0.29827517E+009
   0.10190000E+003  -0.13305562E+007   0.29827517E+009
   0.10200000E+003  -0.13312226E+007   0.29827517E+009
   0.10210000E+003  -0.13319325E+007   0.29827517E+009
   0.10220000E+003  -0.13326864E+007   0.29827517E+009
   0.10230000E+003  -0.13334852E+007   0.29827516E+009
   0.10240000E+003  -0.13343296E+007   0.29827516E+009
   0.10250000E+003  -0.13352204E+007   0.29827516E+009
   0.10260000E+003  -0.13361586E+007   0.29827516E+009
   0.10270000E+003  -0.13371454E+007   0.29827516E+009
   0.10280000E+003  -0.13381818E+007   0.29827515E+009
   0.10290000E+003  -0.13392693E+007   0.29827515E+009
   0.10300000E+003  -0.13404091E+007   0.29827515E+009
   0.10310000E+003  -0.13416029E+007   0.29827515E+009
   0.10320000E+003  -0.13428522E+007   0.29827515E+009
   0.10330000E+003  -0.13441588E+007   0.29827514E+009
   0.10340000E+003  -0.13455247E+007   0.29827514E+009
   0.10350000E+003  -0.13469518E+007   0.29827514E+009
   0.10360000E+003  -0.13484425E+007   0.29827514E+009
   0.10370000E+003  -0.13499991E+007   0.29827514E+009
   0.10380000E+003  -0.13516244E+007   0.29827513E+009
   0.10390000E+003  -0.13533221E+007   0.29827513E+009
   0.10400000E+003  -0.13550930E+007   0.29827513E+009
   0.10410000E+003  -0.13569377E+007   0.29827513E+009
   0.10420000E+003  -0.13588650E+007   0.29827513E+009
   0.10430000E+003  -0.13608769E+007   0.29827512E+009
   0.10440000E+003  -0.13629769E+007   0.29827512E+009
   0.10450000E+003  -0.13651692E+007   0.29827512E+009
   0.10460000E+003  -0.13674583E+007   0.29827512E+009
   0.10470000E+003  -0.13698491E+007   0.29827512E+009
   0.10480000E+003  -0.13723467E+007   0.29827511E+009
   0.10490000E+003  -0.13749568E+007   0.29827511E+009
   0.10500000E+003  -0.13776855E+007   0.29827511E+009
   0.10510000E+003  -0.13805394E+007   0.29827511E+009
   0.10520000E+003  -0.13835255E+007   0.29827511E+009
   0.10530000E+003  -0.13866516E+007   0.29827511E+009
   0.10540000E+003  -0.13899260E+007   0.29827510E+009
   0.10550000E+003  -0.13933578E+007   0.29827510E+009
   0.10560000E+003  -0.13969570E+007   0.29827510E+009
   0.10570000E+003  -0.14007342E+007   0.29827510E+009
   0.10580000E+003  -0.14047012E+007   0.29827510E+009
   0.10590000E+003  -0.14088709E+007   0.29827509E+009
   0.10600000E+003  -0.14132575E+007   0.29827509E+009
   0.10610000E+003  -0.14178763E+007   0.29827509E+009
   0.10620000E+003  -0.14227444E+007   0.29827509E+009
   0.10630000E+003  -0.14278806E+007   0.29827509E+009
   0.10640000E+003  -0.14333057E+007   0.29827508E+009
   0.10650000E+003  -0.14390427E+007   0.29827508E+009
   0.10660000E+003  -0.14451172E+007   0.29827508E+009
   0.10670000E+003  -0.14515576E+007   0.29827508E+009
   0.10680000E+003  -0.14583959E+007   0.29827508E+009
   0.10690000E+003  -0.14656677E+007   0.29827507E+009
   0.10700000E+003  -0.14734131E+007   0.29827507E+009
   0.10710000E+003  -0.14816777E+007   0.29827507E+009
   0.10720000E+003  -0.14905126E+007   0.29827507E+009
   0.10730000E+003  -0.14999763E+007   0.29827507E+009
   0.10740000E+003  -0.15101357E+007   0.29827506E+009
   0.10750000E+003  -0.15210672E+007   0.29827506E+009
   0.10760000E+003  -0.15328593E+007   0.29827506E+009
   0.10770000E+003  -0.15456145E+007   0.29827506E+009
   0.10780000E+003  -0.15594520E+007   0.29827506E+009
   0.10790000E+003  -0.15745122E+007   0.29827505E+009
   0.10800000E+003  -0.15909603E+007   0.29827505E+009
   0.10810000E+003  -0.16089934E+007   0.29827505E+009
   0.10820000E+003  -0.16288473E+007   0.29827505E+009
   0.10830000E+003  -0.16508075E+007   0.29827505E+009
   0.10840000E+003  -0.16752225E+007   0.29827505E+009
   0.10850000E+003  -0.17025221E+007   0.29827504E+009
   0.10860000E+003  -0.17332429E+007   0.29827504E+009
   0.10870000E+003  -0.17680638E+007   0.29827504E+009
   0.10880000E+003  -0.18078559E+007   0.29827504E+009
   0.10890000E+003  -0.18537562E+007   0.29827504E+009
   0.10900000E+003  -0.19072771E+007   0.29827503E+009
   0.10910000E+003  -0.19704759E+007   0.29827503E+009
   0.10920000E+003  -0.20462237E+007   0.29827503E+009
   0.10930000E+003  -0.21386522E+007   0.29827503E+009
   0.10940000E+003  -0.22539314E+007   0.29827503E+009
   0.10950000E+003  -0.24017026E+007   0.29827502E+009
   0.10960000E+003  -0.25979201E+007   0.29827502E+009
   0.10970000E+003  -0.28710262E+007   0.29827502E+009
   0.10980000E+003  -0.32771534E+007   0.29827502E+009
   0.10990000E+003  -0.39446431E+007   0.29827502E+009
   0.11000000E+003  -0.52452186E+007   0.29827501E+009
   0.11010000E+003  -0.88909911E+007   0.29827501E+009
   0.11020000E+003  -0.79250415E+008   0.29827501E+009
   0.11030000E+003  -0.10778107E+008   0.29827501E+009
   0.11040000E+003  -0.57121671E+007   0.29827501E+009
   0.11050000E+003  -0.41511202E+007   0.29827500E+009
   0.11060000E+003  -0.33924520E+007   0.29827500E+009
   0.11070000E+003  -0.29439784E+007   0.29827500E+009
   0.11080000E+003  -0.26477264E+007   0.29827500E+009
   0.11090000E+003  -0.24374253E+007   0.29827500E+009
   0.11100000E+003  -0.22803986E+007   0.29827499E+009
   0.11110000E+003  -0.21586715E+007   0.29827499E+009
   0.11120000E+003  -0.20615387E+007   0.29827499E+009
   0.11130000E+003  -0.19822266E+007   0.29827499E+009
   0.11140000E+003  -0.19162405E+007   0.29827499E+009
   0.11150000E+003  -0.18604805E+007   0.29827499E+009
   0.11160000E+003  -0.18127393E+007   0.29827498E+009
   0.11170000E+003  -0.17714026E+007   0.29827498E+009
   0.11180000E+003  -0.17352627E+007   0.29827498E+009
   0.11190000E+003  -0.17033978E+007   0.29827498E+009
   0.11200000E+003  -0.16750923E+007   0.29827498E+009
   0.11210000E+003  -0.16497824E+007   0.29827497E+009
   0.11220000E+003  -0.16270175E+007   0.29827497E+009
   0.11230000E+003  -0.16064335E+007   0.29827497E+009
   0.11240000E+003  -0.15877329E+007   0.29827497E+009
   0.11250000E+003  -0.15706704E+007   0.29827497E+009
   0.11260000E+003  -0.15550417E+007   0.29827496E+009
   0.11270000E+003  -0.15406756E+007   0.29827496E+009
   0.11280000E+003  -0.15274274E+007   0.29827496E+009
   0.11290000E+003  -0.15151741E+007   0.29827496E+009
   0.11300000E+003  -0.15038104E+007   0.29827496E+009
   0.11310000E+003  -0.14932459E+007   0.29827495E+009
   0.11320000E+003  -0.14834023E+007   0.29827495E+009
   0.11330000E+003  -0.14742119E+007   0.29827495E+009
   0.11340000E+003  -0.14656153E+007   0.29827495E+009
   0.11350000E+003  -0.14575609E+007   0.29827495E+009
   0.11360000E+003  -0.14500034E+007   0.29827495E+009
   0.11370000E+003  -0.14429028E+007   0.29827494E+009
   0.11380000E+003  -0.14362241E+007   0.29827494E+009
   0.11390000E+003  -0.14299363E+007   0.29827494E+009
   0.11400000E+003  -0.14240123E+007   0.29827494E+009
   0.11410000E+003  -0.14184279E+007   0.29827494E+009
   0.11420000E+003  -0.14131623E+007   0.29827493E+009
   0.11430000E+003  -0.14081970E+007   0.29827493E+009
   0.11440000E+003  -0.14035163E+007   0.29827493E+009
   0.11450000E+003  -0.13991064E+007   0.29827493E+009
   0.11460000E+003  -0.13949560E+007   0.29827493E+009
   0.11470000E+003  -0.13910560E+007   0.29827492E+009
   0.11480000E+003  -0.13873993E+007   0.29827492E+009
   0.11490000E+003  -0.13839812E+007   0.29827492E+009
   0.11500000E+003  -0.13807991E+007   0.29827492E+009
   0.11510000E+003  -0.13778534E+007   0.29827492E+009
   0.11520000E+003  -0.13751472E+007   0.29827491E+009
   0.11530000E+003  -0.13726872E+007   0.29827491E+009
   0.11540000E+003  -0.13704843E+007   0.29827491E+009
   0.11550000E+003  -0.13685547E+007   0.29827491E+009
   0.11560000E+003  -0.13669213E+007   0.29827491E+009
   0.11570000E+003  -0.13656157E+007   0.29827490E+009
   0.11580000E+003  -0.13646817E+007   0.29827490E+009
   0.11590000E+003  -0.13641797E+007   0.29827490E+009
   0.11600000E+003  -0.13641939E+007   0.29827490E+009
   0.11610000E+003  -0.13648439E+007   0.29827490E+009
   0.11620000E+003  -0.13663036E+007   0.29827490E+009
   0.11630000E+003  -0.13688340E+007   0.29827489E+009
   0.11640000E+003  -0.13728436E+007   0.29827489E+009
   0.11650000E+003  -0.13790069E+007   0.29827489E+009
   0.11660000E+003  -0.13885193E+007   0.29827489E+009
   0.11670000E+003  -0.14037160E+007   0.29827489E+009
   0.11680000E+003  -0.14298478E+007   0.29827488E+009
   0.11690000E+003  -0.14816835E+007   0.29827488E+009
   0.11700000E+003  -0.16229010E+007   0.29827488E+009
   0.11710000E+003  -0.31413501E+007   0.29827488E+009
   0.11720000E+003  -0.17852003E+007   0.29827488E+009
   0.11730000E+003  -0.15139713E+007   0.29827487E+009
   0.11740000E+003  -0.14357287E+007   0.29827487E+009
   0.11750000E+003  -0.13978267E+007   0.29827487E+009
   0.11760000E+003  -0.13750370E+007   0.29827487E+009
   0.11770000E+003  -0.13595532E+007   0.29827487E+009
   0.11780000E+003  -0.13481656E+007   0.29827486E+009
   0.11790000E+003  -0.13393112E+007   0.29827486E+009
   0.11800000E+003  -0.13321376E+007   0.29827486E+009
   0.11810000E+003  -0.13261401E+007   0.29827486E+009
   0.11820000E+003  -0.13210005E+007   0.29827486E+009
   0.11830000E+003  -0.13165081E+007   0.29827486E+009
   0.11840000E+003  -0.13125180E+007   0.29827485E+009
   0.11850000E+003  -0.13089268E+007   0.29827485E+009
   0.11860000E+003  -0.13056588E+007   0.29827485E+009
   0.11870000E+003  -0.13026573E+007   0.29827485E+009
   0.11880000E+003  -0.12998790E+007   0.29827485E+009
   0.11890000E+003  -0.12972901E+007   0.29827484E+009
   0.11900000E+003  -0.12948636E+007   0.29827484E+009
   0.11910000E+003  -0.12925782E+007   0.29827484E+009
   0.11920000E+003  -0.12904162E+007   0.29827484E+009
   0.11930000E+003  -0.12883634E+007   0.29827484E+009
   0.11940000E+003  -0.12864076E+007   0.29827483E+009
   0.11950000E+003  -0.12845389E+007   0.29827483E+009
   0.11960000E+003  -0.12827487E+007   0.29827483E+009
   0.11970000E+003  -0.12810297E+007   0.29827483E+009
   0.11980000E+003  -0.12793756E+007   0.29827483E+009
   0.11990000E+003  -0.12777810E+007   0.29827482E+009
   0.12000000E+003  -0.12762411E+007   0.29827482E+009
   0.12010000E+003  -0.12747518E+007   0.29827482E+009
   0.12020000E+003  -0.12733095E+007   0.29827482E+009
   0.12030000E+003  -0.12719108E+007   0.29827482E+009
   0.12040000E+003  -0.12705528E+007   0.29827482E+009
   0.12050000E+003  -0.12692330E+007   0.29827481E+009
   0.12060000E+003  -0.12679490E+007   0.29827481E+009
   0.12070000E+003  -0.12666988E+007   0.29827481E+009
   0.12080000E+003  -0.12654802E+007   0.29827481E+009
   0.12090000E+003  -0.12642918E+007   0.29827481E+009
   0.12100000E+003  -0.12631317E+007   0.29827480E+009
   0.12110000E+003  -0.12619987E+007   0.29827480E+009
   0.12120000E+003  -0.12608914E+007   0.29827480E+009
   0.12130000E+003  -0.12598084E+007   0.29827480E+009
   0.12140000E+003  -0.12587488E+007   0.29827480E+009
   0.12150000E+003  -0.12577113E+007   0.29827479E+009
   0.12160000E+003  -0.12566952E+007   0.29827479E+009
   0.12170000E+003  -0.12556994E+007   0.29827479E+009
   0.12180000E+003  -0.12547231E+007   0.29827479E+009
   0.12190000E+003  -0.12537655E+007   0.29827479E+009
   0.12200000E+003  -0.12528259E+007   0.29827479E+009
   0.12210000E+003  -0.12519036E+007   0.29827478E+009
   0.12220000E+003  -0.12509979E+007   0.29827478E+009
   0.12230000E+003  -0.12501082E+007   0.29827478E+009
   0.12240000E+003  -0.12492339E+007   0.29827478E+009
   0.12250000E+003  -0.12483746E+007   0.29827478E+009
   0.12260000E+003  -0.12475296E+007   0.29827477E+009
   0.12270000E+003  -0.12466985E+007   0.29827477E+009
   0.12280000E+003  -0.12458809E+007   0.29827477E+009
   0.12290000E+003  -0.12450762E+007   0.29827477E+009
   0.12300000E+003  -0.12442842E+007   0.29827477E+009
   0.12310000E+003  -0.12435043E+007   0.29827476E+009
   0.12320000E+003  -0.12427362E+007   0.29827476E+009
   0.12330000E+003  -0.12419796E+007   0.29827476E+009
   0.12340000E+003  -0.12412341E+007   0.29827476E+009
   0.12350000E+003  -0.12404993E+007   0.29827476E+009
   0.12360000E+003  -0.12397751E+007   0.29827475E+009
   0.12370000E+003  -0.12390610E+007   0.29827475E+009
   0.12380000E+003  -0.12383568E+007   0.29827475E+009
   0.12390000E+003  -0.12376622E+007   0.29827475E+009
   0.12400000E+003  -0.12369770E+007   0.29827475E+009
   0.12410000E+003  -0.12363009E+007   0.29827475E+009
   0.12420000E+003  -0.12356336E+007   0.29827474E+009
   0.12430000E+003  -0.12349750E+007   0.29827474E+009
   0.12440000E+003  -0.12343248E+007   0.29827474E+009
   0.12450000E+003  -0.12336828E+007   0.29827474E+009
   0.12460000E+003  -0.12330488E+007   0.29827474E+009
   0.12470000E+003  -0.12324225E+007   0.29827473E+009
   0.12480000E+003  -0.12318039E+007   0.29827473E+009
   0.12490000E+003  -0.12311927E+007   0.29827473E+009
   0.12500000E+003  -0.12305888E+007   0.29827473E+009
   0.12510000E+003  -0.12299919E+007   0.29827473E+009
   0.12520000E+003  -0.12294019E+007   0.29827472E+009
   0.12530000E+003  -0.12288187E+007   0.29827472E+009
   0.12540000E+003  -0.12282421E+007   0.29827472E+009
   0.12550000E+003  -0.12276719E+007   0.29827472E+009
   0.12560000E+003  -0.12271081E+007   0.29827472E+009
   0.12570000E+003  -0.12265504E+007   0.29827472E+009
   0.12580000E+003  -0.12259987E+007   0.29827471E+009
   0.12590000E+003  -0.12254529E+007   0.29827471E+009
   0.12600000E+003  -0.12249129E+007   0.29827471E+009
   0.12610000E+003  -0.12243786E+007   0.29827471E+009
   0.12620000E+003  -0.12238498E+007   0.29827471E+009
   0.12630000E+003  -0.12233264E+007   0.29827470E+009
   0.12640000E+003  -0.12228083E+007   0.29827470E+009
   0.12650000E+003  -0.12222954E+007   0.29827470E+009
   0.12660000E+003  -0.12217876E+007   0.29827470E+009
   0.12670000E+003  -0.12212848E+007   0.29827470E+009
   0.12680000E+003  -0.12207869E+007   0.29827469E+009
   0.12690000E+003  -0.12202938E+007   0.29827469E+009
   0.12700000E+003  -0.12198054E+007   0.29827469E+009
   0.12710000E+003  -0.12193216E+007   0.29827469E+009
   0.12720000E+003  -0.12188423E+007   0.29827469E+009
   0.12730000E+003  -0.12183675E+007   0.29827469E+009
   0.12740000E+003  -0.12178970E+007   0.29827468E+009
   0.12750000E+003  -0.12174308E+007   0.29827468E+009
   0.12760000E+003  -0.12169688E+007   0.29827468E+009
   0.12770000E+003  -0.12165109E+007   0.29827468E+009
   0.12780000E+003  -0.12160571E+007   0.29827468E+009
   0.12790000E+003  -0.12156072E+007   0.29827467E+009
   0.12800000E+003  -0.12151613E+007   0.29827467E+009
   0.12810000E+003  -0.12147191E+007   0.29827467E+009
   0.12820000E+003  -0.12142808E+007   0.29827467E+009
   0.12830000E+003  -0.12138461E+007   0.29827467E+009
   0.12840000E+003  -0.12134151E+007   0.29827466E+009
   0.12850000E+003  -0.12129876E+007   0.29827466E+009
   0.12860000E+003  -0.12125637E+007   0.29827466E+009
   0.12870000E+003  -0.12121432E+007   0.29827466E+009
   0.12880000E+003  -0.12117261E+007   0.29827466E+009
   0.12890000E+003  -0.12113123E+007   0.29827466E+009
   0.12900000E+003  -0.12109018E+007   0.29827465E+009
   0.12910000E+003  -0.12104946E+007   0.29827465E+009
   0.12920000E+003  -0.12100905E+007   0.29827465E+009
   0.12930000E+003  -0.12096896E+007   0.29827465E+009
   0.12940000E+003  -0.12092917E+007   0.29827465E+009
   0.12950000E+003  -0.12088968E+007   0.29827464E+009
   0.12960000E+003  -0.12085050E+007   0.29827464E+009
   0.12970000E+003  -0.12081160E+007   0.29827464E+009
   0.12980000E+003  -0.12077300E+007   0.29827464E+009
   0.12990000E+003  -0.12073468E+007   0.29827464E+009
   0.13000000E+003  -0.12069664E+007   0.29827463E+009
   0.13010000E+003  -0.12065887E+007   0.29827463E+009
   0.13020000E+003  -0.12062138E+007   0.29827463E+009
   0.13030000E+003  -0.12058415E+007   0.29827463E+009
   0.13040000E+003  -0.12054719E+007   0.29827463E+009
   0.13050000E+003  -0.12051048E+007   0.29827463E+009
   0.13060000E+003  -0.12047403E+007   0.29827462E+009
   0.13070000E+003  -0.12043784E+007   0.29827462E+009
   0.13080000E+003  -0.12040189E+007   0.29827462E+009
   0.13090000E+003  -0.12036618E+007   0.29827462E+009
   0.13100000E+003  -0.12033072E+007   0.29827462E+009
   0.13110000E+003  -0.12029549E+007   0.29827461E+009
   0.13120000E+003  -0.12026050E+007   0.29827461E+009
   0.13130000E+003  -0.12022574E+007   0.29827461E+009
   0.13140000E+003  -0.12019121E+007   0.29827461E+009
   0.13150000E+003  -0.12015690E+007   0.29827461E+009
   0.13160000E+003  -0.12012281E+007   0.29827460E+009
   0.13170000E+003  -0.12008894E+007   0.29827460E+009
   0.13180000E+003  -0.12005529E+007   0.29827460E+009
   0.13190000E+003  -0.12002185E+007   0.29827460E+009
   0.13200000E+003  -0.11998862E+007   0.29827460E+009
   0.13210000E+003  -0.11995559E+007   0.29827460E+009
   0.13220000E+003  -0.11992277E+007   0.29827459E+009
   0.13230000E+003  -0.11989015E+007   0.29827459E+009
   0.13240000E+003  -0.11985773E+007   0.29827459E+009
   0.13250000E+003  -0.11982551E+007   0.29827459E+009
   0.13260000E+003  -0.11979348E+007   0.29827459E+009
   0.13270000E+003  -0.11976164E+007   0.29827458E+009
   0.13280000E+003  -0.11972999E+007   0.29827458E+009
   0.13290000E+003  -0.11969852E+007   0.29827458E+009
   0.13300000E+003  -0.11966724E+007   0.29827458E+009
   0.13310000E+003  -0.11963615E+007   0.29827458E+009
   0.13320000E+003  -0.11960523E+007   0.29827457E+009
   0.13330000E+003  -0.11957448E+007   0.29827457E+009
   0.13340000E+003  -0.11954392E+007   0.29827457E+009
   0.13350000E+003  -0.11951352E+007   0.29827457E+009
   0.13360000E+003  -0.11948330E+007   0.29827457E+009
   0.13370000E+003  -0.11945325E+007   0.29827457E+009
   0.13380000E+003  -0.11942336E+007   0.29827456E+009
   0.13390000E+003  -0.11939364E+007   0.29827456E+009
   0.13400000E+003  -0.11936408E+007   0.29827456E+009
   0.13410000E+003  -0.11933468E+007   0.29827456E+009
   0.13420000E+003  -0.11930544E+007   0.29827456E+009
   0.13430000E+003  -0.11927635E+007   0.29827455E+009
   0.13440000E+003  -0.11924742E+007   0.29827455E+009
   0.13450000E+003  -0.11921865E+007   0.29827455E+009
   0.13460000E+003  -0.11919003E+007   0.29827455E+009
   0.13470000E+003  -0.11916155E+007   0.29827455E+009
   0.13480000E+003  -0.11913323E+007   0.29827455E+009
   0.13490000E+003  -0.11910505E+007   0.29827454E+009
   0.13500000E+003  -0.11907702E+007   0.29827454E+009
   0.13510000E+003  -0.11904913E+007   0.29827454E+009
   0.13520000E+003  -0.11902138E+007   0.29827454E+009
   0.13530000E+003  -0.11899378E+007   0.29827454E+009
   0.13540000E+003  -0.11896631E+007   0.29827453E+009
   0.13550000E+003  -0.11893898E+007   0.29827453E+009
   0.13560000E+003  -0.11891178E+007   0.29827453E+009
   0.13570000E+003  -0.11888472E+007   0.29827453E+009
   0.13580000E+003  -0.11885779E+007   0.29827453E+009
   0.13590000E+003  -0.11883100E+007   0.29827452E+009
   0.13600000E+003  -0.11880433E+007   0.29827452E+009
   0.13610000E+003  -0.11877779E+007   0.29827452E+009
   0.13620000E+003  -0.11875138E+007   0.29827452E+009
   0.13630000E+003  -0.11872510E+007   0.29827452E+009
   0.13640000E+003  -0.11869894E+007   0.29827452E+009
   0.13650000E+003  -0.11867291E+007   0.29827451E+009
   0.13660000E+003  -0.11864699E+007   0.29827451E+009
   0.13670000E+003  -0.11862120E+007   0.29827451E+009
   0.13680000E+003  -0.11859553E+007   0.29827451E+009
   0.13690000E+003  -0.11856998E+007   0.29827451E+009
   0.13700000E+003  -0.11854454E+007   0.29827450E+009
   0.13710000E+003  -0.11851922E+007   0.29827450E+009
   0.13720000E+003  -0.11849402E+007   0.29827450E+009
   0.13730000E+003  -0.11846893E+007   0.29827450E+009
   0.13740000E+003  -0.11844396E+007   0.29827450E+009
   0.13750000E+003  -0.11841909E+007   0.29827450E+009
   0.13760000E+003  -0.11839434E+007   0.29827449E+009
   0.13770000E+003  -0.11836970E+007   0.29827449E+009
   0.13780000E+003  -0.11834516E+007   0.29827449E+009
   0.13790000E+003  -0.11832073E+007   0.29827449E+009
   0.13800000E+003  -0.11829642E+007   0.29827449E+009
   0.13810000E+003  -0.11827220E+007   0.29827448E+009
   0.13820000E+003  -0.11824809E+007   0.29827448E+009
   0.13830000E+003  -0.11822409E+007   0.29827448E+009
   0.13840000E+003  -0.11820019E+007   0.29827448E+009
   0.13850000E+003  -0.11817639E+007   0.29827448E+009
   0.13860000E+003  -0.11815269E+007   0.29827447E+009
   0.13870000E+003  -0.11812909E+007   0.29827447E+009
   0.13880000E+003  -0.11810559E+007   0.29827447E+009
   0.13890000E+003  -0.11808219E+007   0.29827447E+009
   0.13900000E+003  -0.11805889E+007   0.29827447E+009
   0.13910000E+003  -0.11803569E+007   0.29827447E+009
   0.13920000E+003  -0.11801258E+007   0.29827446E+009
   0.13930000E+003  -0.11798956E+007   0.29827446E+009
   0.13940000E+003  -0.11796664E+007   0.29827446E+009
   0.13950000E+003  -0.11794382E+007   0.29827446E+009
   0.13960000E+003  -0.11792108E+007   0.29827446E+009
   0.13970000E+003  -0.11789844E+007   0.29827445E+009
   0.13980000E+003  -0.11787589E+007   0.29827445E+009
   0.13990000E+003  -0.11785344E+007   0.29827445E+009
   0.14000000E+003  -0.11783107E+007   0.29827445E+009
   0.14010000E+003  -0.11780879E+007   0.29827445E+009
   0.14020000E+003  -0.11778660E+007   0.29827445E+009
   0.14030000E+003  -0.11776449E+007   0.29827444E+009
   0.14040000E+003  -0.11774248E+007   0.29827444E+009
   0.14050000E+003  -0.11772055E+007   0.29827444E+009
   0.14060000E+003  -0.11769870E+007   0.29827444E+009
   0.14070000E+003  -0.11767694E+007   0.29827444E+009
   0.14080000E+003  -0.11765527E+007   0.29827443E+009
   0.14090000E+003  -0.11763368E+007   0.29827443E+009
   0.14100000E+003  -0.11761217E+007   0.29827443E+009
   0.14110000E+003  -0.11759075E+007   0.29827443E+009
   0.14120000E+003  -0.11756940E+007   0.29827443E+009
   0.14130000E+003  -0.11754814E+007   0.29827443E+009
   0.14140000E+003  -0.11752696E+007   0.29827442E+009
   0.14150000E+003  -0.11750586E+007   0.29827442E+009
   0.14160000E+003  -0.11748484E+007   0.29827442E+009
   0.14170000E+003  -0.11746390E+007   0.29827442E+009
   0.14180000E+003  -0.11744303E+007   0.29827442E+009
   0.14190000E+003  -0.11742225E+007   0.29827441E+009
   0.14200000E+003  -0.11740154E+007   0.29827441E+009
   0.14210000E+003  -0.11738091E+007   0.29827441E+009
   0.14220000E+003  -0.11736035E+007   0.29827441E+009
   0.14230000E+003  -0.11733987E+007   0.29827441E+009
   0.14240000E+003  -0.11731947E+007   0.29827440E+009
   0.14250000E+003  -0.11729914E+007   0.29827440E+009
   0.14260000E+003  -0.11727889E+007   0.29827440E+009
   0.14270000E+003  -0.11725871E+007   0.29827440E+009
   0.14280000E+003  -0.11723860E+007   0.29827440E+009
   0.14290000E+003  -0.11721856E+007   0.29827440E+009
   0.14300000E+003  -0.11719860E+007   0.29827439E+009
   0.14310000E+003  -0.11717871E+007   0.29827439E+009
   0.14320000E+003  -0.11715889E+007   0.29827439E+009
   0.14330000E+003  -0.11713914E+007   0.29827439E+009
   0.14340000E+003  -0.11711947E+007   0.29827439E+009
   0.14350000E+003  -0.11709986E+007   0.29827438E+009
   0.14360000E+003  -0.11708032E+007   0.29827438E+009
   0.14370000E+003  -0.11706085E+007   0.29827438E+009
   0.14380000E+003  -0.11704145E+007   0.29827438E+009
   0.14390000E+003  -0.11702212E+007   0.29827438E+009
   0.14400000E+003  -0.11700286E+007   0.29827438E+009
   0.14410000E+003  -0.11698367E+007   0.29827437E+009
   0.14420000E+003  -0.11696454E+007   0.29827437E+009
   0.14430000E+003  -0.11694548E+007   0.29827437E+009
   0.14440000E+003  -0.11692649E+007   0.29827437E+009
   0.14450000E+003  -0.11690756E+007   0.29827437E+009
   0.14460000E+003  -0.11688870E+007   0.29827436E+009
   0.14470000E+003  -0.11686990E+007   0.29827436E+009
   0.14480000E+003  -0.11685117E+007   0.29827436E+009
   0.14490000E+003  -0.11683251E+007   0.29827436E+009
   0.14500000E+003  -0.11681391E+007   0.29827436E+009
   0.14510000E+003  -0.11679537E+007   0.29827436E+009
   0.14520000E+003  -0.11677690E+007   0.29827435E+009
   0.14530000E+003  -0.11675849E+007   0.29827435E+009
   0.14540000E+003  -0.11674014E+007   0.29827435E+009
   0.14550000E+003  -0.11672186E+007   0.29827435E+009
   0.14560000E+003  -0.11670364E+007   0.29827435E+009
   0.14570000E+003  -0.11668548E+007   0.29827434E+009
   0.14580000E+003  -0.11666738E+007   0.29827434E+009
   0.14590000E+003  -0.11664935E+007   0.29827434E+009
   0.14600000E+003  -0.11663137E+007   0.29827434E+009
   0.14610000E+003  -0.11661346E+007   0.29827434E+009
   0.14620000E+003  -0.11659561E+007   0.29827434E+009
   0.14630000E+003  -0.11657782E+007   0.29827433E+009
   0.14640000E+003  -0.11656009E+007   0.29827433E+009
   0.14650000E+003  -0.11654242E+007   0.29827433E+009
   0.14660000E+003  -0.11652481E+007   0.29827433E+009
   0.14670000E+003  -0.11650726E+007   0.29827433E+009
   0.14680000E+003  -0.11648977E+007   0.29827432E+009
   0.14690000E+003  -0.11647233E+007   0.29827432E+009
   0.14700000E+003  -0.11645496E+007   0.29827432E+009
   0.14710000E+003  -0.11643765E+007   0.29827432E+009
   0.14720000E+003  -0.11642039E+007   0.29827432E+009
   0.14730000E+003  -0.11640319E+007   0.29827432E+009
   0.14740000E+003  -0.11638605E+007   0.29827431E+009
   0.14750000E+003  -0.11636897E+007   0.29827431E+009
   0.14760000E+003  -0.11635194E+007   0.29827431E+009
   0.14770000E+003  -0.11633498E+007   0.29827431E+009
   0.14780000E+003  -0.11631807E+007   0.29827431E+009
   0.14790000E+003  -0.11630122E+007   0.29827430E+009
   0.14800000E+003  -0.11628442E+007   0.29827430E+009
   0.14810000E+003  -0.11626768E+007   0.29827430E+009
   0.14820000E+003  -0.11625100E+007   0.29827430E+009
   0.14830000E+003  -0.11623437E+007   0.29827430E+009
   0.14840000E+003  -0.11621780E+007   0.29827430E+009
   0.14850000E+003  -0.11620129E+007   0.29827429E+009
   0.14860000E+003  -0.11618483E+007   0.29827429E+009
   0.14870000E+003  -0.11616842E+007   0.29827429E+009
   0.14880000E+003  -0.11615208E+007   0.29827429E+009
   0.14890000E+003  -0.11613579E+007   0.29827429E+009
   0.14900000E+003  -0.11611955E+007   0.29827428E+009
   0.14910000E+003  -0.11610337E+007   0.29827428E+009
   0.14920000E+003  -0.11608724E+007   0.29827428E+009
   0.14930000E+003  -0.11607117E+007   0.29827428E+009
   0.14940000E+003  -0.11605515E+007   0.29827428E+009
   0.14950000E+003  -0.11603919E+007   0.29827428E+009
   0.14960000E+003  -0.11602328E+007   0.29827427E+009
   0.14970000E+003  -0.11600743E+007   0.29827427E+009
   0.14980000E+003  -0.11599163E+007   0.29827427E+009
   0.14990000E+003  -0.11597588E+007   0.29827427E+009
   0.15000000E+003  -0.11596019E+007   0.29827427E+009
   0.15010000E+003  -0.11594456E+007   0.29827426E+009
   0.15020000E+003  -0.11592897E+007   0.29827426E+009
   0.15030000E+003  -0.11591344E+007   0.29827426E+009
   0.15040000E+003  -0.11589797E+007   0.29827426E+009
   0.15050000E+003  -0.11588255E+007   0.29827426E+009
   0.15060000E+003  -0.11586718E+007   0.29827426E+009
   0.15070000E+003  -0.11585187E+007   0.29827425E+009
   0.15080000E+003  -0.11583661E+007   0.29827425E+009
   0.15090000E+003  -0.11582140E+007   0.29827425E+009
   0.15100000E+003  -0.11580624E+007   0.29827425E+009
   0.15110000E+003  -0.11579114E+007   0.29827425E+009
   0.15120000E+003  -0.11577610E+007   0.29827424E+009
   0.15130000E+003  -0.11576110E+007   0.29827424E+009
   0.15140000E+003  -0.11574616E+007   0.29827424E+009
   0.15150000E+003  -0.11573128E+007   0.29827424E+009
   0.15160000E+003  -0.11571644E+007   0.29827424E+009
   0.15170000E+003  -0.11570166E+007   0.29827424E+009
   0.15180000E+003  -0.11568694E+007   0.29827423E+009
   0.15190000E+003  -0.11567226E+007   0.29827423E+009
   0.15200000E+003  -0.11565764E+007   0.29827423E+009
   0.15210000E+003  -0.11564308E+007   0.29827423E+009
   0.15220000E+003  -0.11562856E+007   0.29827423E+009
   0.15230000E+003  -0.11561410E+007   0.29827422E+009
   0.15240000E+003  -0.11559969E+007   0.29827422E+009
   0.15250000E+003  -0.11558534E+007   0.29827422E+009
   0.15260000E+003  -0.11557104E+007   0.29827422E+009
   0.15270000E+003  -0.11555679E+007   0.29827422E+009
   0.15280000E+003  -0.11554260E+007   0.29827422E+009
   0.15290000E+003  -0.11552846E+007   0.29827421E+009
   0.15300000E+003  -0.11551438E+007   0.29827421E+009
   0.15310000E+003  -0.11550035E+007   0.29827421E+009
   0.15320000E+003  -0.11548637E+007   0.29827421E+009
   0.15330000E+003  -0.11547244E+007   0.29827421E+009
   0.15340000E+003  -0.11545858E+007   0.29827420E+009
   0.15350000E+003  -0.11544476E+007   0.29827420E+009
   0.15360000E+003  -0.11543100E+007   0.29827420E+009
   0.15370000E+003  -0.11541729E+007   0.29827420E+009
   0.15380000E+003  -0.11540364E+007   0.29827420E+009
   0.15390000E+003  -0.11539004E+007   0.29827420E+009
   0.15400000E+003  -0.11537650E+007   0.29827419E+009
   0.15410000E+003  -0.11536301E+007   0.29827419E+009
   0.15420000E+003  -0.11534958E+007   0.29827419E+009
   0.15430000E+003  -0.11533620E+007   0.29827419E+009
   0.15440000E+003  -0.11532288E+007   0.29827419E+009
   0.15450000E+003  -0.11530961E+007   0.29827418E+009
   0.15460000E+003  -0.11529640E+007   0.29827418E+009
   0.15470000E+003  -0.11528325E+007   0.29827418E+009
   0.15480000E+003  -0.11527015E+007   0.29827418E+009
   0.15490000E+003  -0.11525711E+007   0.29827418E+009
   0.15500000E+003  -0.11524412E+007   0.29827418E+009
   0.15510000E+003  -0.11523119E+007   0.29827417E+009
   0.15520000E+003  -0.11521832E+007   0.29827417E+009
   0.15530000E+003  -0.11520551E+007   0.29827417E+009
   0.15540000E+003  -0.11519275E+007   0.29827417E+009
   0.15550000E+003  -0.11518005E+007   0.29827417E+009
   0.15560000E+003  -0.11516741E+007   0.29827417E+009
   0.15570000E+003  -0.11515483E+007   0.29827416E+009
   0.15580000E+003  -0.11514230E+007   0.29827416E+009
   0.15590000E+003  -0.11512984E+007   0.29827416E+009
   0.15600000E+003  -0.11511743E+007   0.29827416E+009
   0.15610000E+003  -0.11510509E+007   0.29827416E+009
   0.15620000E+003  -0.11509280E+007   0.29827415E+009
   0.15630000E+003  -0.11508058E+007   0.29827415E+009
   0.15640000E+003  -0.11506842E+007   0.29827415E+009
   0.15650000E+003  -0.11505631E+007   0.29827415E+009
   0.15660000E+003  -0.11504427E+007   0.29827415E+009
   0.15670000E+003  -0.11503229E+007   0.29827415E+009
   0.15680000E+003  -0.11502038E+007   0.29827414E+009
   0.15690000E+003  -0.11500852E+007   0.29827414E+009
   0.15700000E+003  -0.11499673E+007   0.29827414E+009
   0.15710000E+003  -0.11498501E+007   0.29827414E+009
   0.15720000E+003  -0.11497335E+007   0.29827414E+009
   0.15730000E+003  -0.11496175E+007   0.29827413E+009
   0.15740000E+003  -0.11495022E+007   0.29827413E+009
   0.15750000E+003  -0.11493876E+007   0.29827413E+009
   0.15760000E+003  -0.11492736E+007   0.29827413E+009
   0.15770000E+003  -0.11491603E+007   0.29827413E+009
   0.15780000E+003  -0.11490476E+007   0.29827413E+009
   0.15790000E+003  -0.11489357E+007   0.29827412E+009
   0.15800000E+003  -0.11488244E+007   0.29827412E+009
   0.15810000E+003  -0.11487139E+007   0.29827412E+009
   0.15820000E+003  -0.11486040E+007   0.29827412E+009
   0.15830000E+003  -0.11484949E+007   0.29827412E+009
   0.15840000E+003  -0.11483865E+007   0.29827411E+009
   0.15850000E+003  -0.11482788E+007   0.29827411E+009
   0.15860000E+003  -0.11481718E+007   0.29827411E+009
   0.15870000E+003  -0.11480656E+007   0.29827411E+009
   0.15880000E+003  -0.11479602E+007   0.29827411E+009
   0.15890000E+003  -0.11478555E+007   0.29827411E+009
   0.15900000E+003  -0.11477516E+007   0.29827410E+009
   0.15910000E+003  -0.11476484E+007   0.29827410E+009
   0.15920000E+003  -0.11475461E+007   0.29827410E+009
   0.15930000E+003  -0.11474446E+007   0.29827410E+009
   0.15940000E+003  -0.11473438E+007   0.29827410E+009
   0.15950000E+003  -0.11472439E+007   0.29827410E+009
   0.15960000E+003  -0.11471449E+007   0.29827409E+009
   0.15970000E+003  -0.11470466E+007   0.29827409E+009
   0.15980000E+003  -0.11469493E+007   0.29827409E+009
   0.15990000E+003  -0.11468528E+007   0.29827409E+009
   0.16000000E+003  -0.11467572E+007   0.29827409E+009
   0.16010000E+003  -0.11466626E+007   0.29827408E+009
   0.16020000E+003  -0.11465688E+007   0.29827408E+009
   0.16030000E+003  -0.11464760E+007   0.29827408E+009
   0.16040000E+003  -0.11463842E+007   0.29827408E+009
   0.16050000E+003  -0.11462935E+007   0.29827408E+009
   0.16060000E+003  -0.11462039E+007   0.29827408E+009
   0.16070000E+003  -0.11461159E+007   0.29827407E+009
   0.16080000E+003  -0.11460333E+007   0.29827407E+009
   0.16090000E+003  -0.11459453E+007   0.29827407E+009
   0.16100000E+003  -0.11458548E+007   0.29827407E+009
   0.16110000E+003  -0.11457689E+007   0.29827407E+009
   0.16120000E+003  -0.11456847E+007   0.29827406E+009
   0.16130000E+003  -0.11456018E+007   0.29827406E+009
   0.16140000E+003  -0.11455201E+007   0.29827406E+009
   0.16150000E+003  -0.11454395E+007   0.29827406E+009
   0.16160000E+003  -0.11453602E+007   0.29827406E+009
   0.16170000E+003  -0.11452821E+007   0.29827406E+009
   0.16180000E+003  -0.11452053E+007   0.29827405E+009
   0.16190000E+003  -0.11451297E+007   0.29827405E+009
   0.16200000E+003  -0.11450553E+007   0.29827405E+009
   0.16210000E+003  -0.11449823E+007   0.29827405E+009
   0.16220000E+003  -0.11449107E+007   0.29827405E+009
   0.16230000E+003  -0.11448404E+007   0.29827405E+009
   0.16240000E+003  -0.11447716E+007   0.29827404E+009
   0.16250000E+003  -0.11447041E+007   0.29827404E+009
   0.16260000E+003  -0.11446382E+007   0.29827404E+009
   0.16270000E+003  -0.11445738E+007   0.29827404E+009
   0.16280000E+003  -0.11445109E+007   0.29827404E+009
   0.16290000E+003  -0.11444496E+007   0.29827403E+009
   0.16300000E+003  -0.11443900E+007   0.29827403E+009
   0.16310000E+003  -0.11443321E+007   0.29827403E+009
   0.16320000E+003  -0.11442759E+007   0.29827403E+009
   0.16330000E+003  -0.11442214E+007   0.29827403E+009
   0.16340000E+003  -0.11441688E+007   0.29827403E+009
   0.16350000E+003  -0.11441181E+007   0.29827402E+009
   0.16360000E+003  -0.11440694E+007   0.29827402E+009
   0.16370000E+003  -0.11440227E+007   0.29827402E+009
   0.16380000E+003  -0.11439780E+007   0.29827402E+009
   0.16390000E+003  -0.11439355E+007   0.29827402E+009
   0.16400000E+003  -0.11438951E+007   0.29827402E+009
   0.16410000E+003  -0.11438571E+007   0.29827401E+009
   0.16420000E+003  -0.11438214E+007   0.29827401E+009
   0.16430000E+003  -0.11437882E+007   0.29827401E+009
   0.16440000E+003  -0.11437575E+007   0.29827401E+009
   0.16450000E+003  -0.11437294E+007   0.29827401E+009
   0.16460000E+003  -0.11437040E+007   0.29827400E+009
   0.16470000E+003  -0.11436815E+007   0.29827400E+009
   0.16480000E+003  -0.11436619E+007   0.29827400E+009
   0.16490000E+003  -0.11436453E+007   0.29827400E+009
   0.16500000E+003  -0.11436319E+007   0.29827400E+009
   0.16510000E+003  -0.11436218E+007   0.29827400E+009
   0.16520000E+003  -0.11436151E+007   0.29827399E+009
   0.16530000E+003  -0.11436120E+007   0.29827399E+009
   0.16540000E+003  -0.11436126E+007   0.29827399E+009
   0.16550000E+003  -0.11436171E+007   0.29827399E+009
   0.16560000E+003  -0.11436257E+007   0.29827399E+009
   0.16570000E+003  -0.11436385E+007   0.29827399E+009
   0.16580000E+003  -0.11436558E+007   0.29827398E+009
   0.16590000E+003  -0.11436777E+007   0.29827398E+009
   0.16600000E+003  -0.11437045E+007   0.29827398E+009
   0.16610000E+003  -0.11437365E+007   0.29827398E+009
   0.16620000E+003  -0.11437739E+007   0.29827398E+009
   0.16630000E+003  -0.11438169E+007   0.29827397E+009
   0.16640000E+003  -0.11438659E+007   0.29827397E+009
   0.16650000E+003  -0.11439213E+007   0.29827397E+009
   0.16660000E+003  -0.11439833E+007   0.29827397E+009
   0.16670000E+003  -0.11440523E+007   0.29827397E+009
   0.16680000E+003  -0.11441288E+007   0.29827397E+009
   0.16690000E+003  -0.11442131E+007   0.29827396E+009
   0.16700000E+003  -0.11443058E+007   0.29827396E+009
   0.16710000E+003  -0.11444075E+007   0.29827396E+009
   0.16720000E+003  -0.11445185E+007   0.29827396E+009
   0.16730000E+003  -0.11446397E+007   0.29827396E+009
   0.16740000E+003  -0.11447716E+007   0.29827396E+009
   0.16750000E+003  -0.11449150E+007   0.29827395E+009
   0.16760000E+003  -0.11450708E+007   0.29827395E+009
   0.16770000E+003  -0.11452397E+007   0.29827395E+009
   0.16780000E+003  -0.11454229E+007   0.29827395E+009
   0.16790000E+003  -0.11456213E+007   0.29827395E+009
   0.16800000E+003  -0.11458363E+007   0.29827394E+009
   0.16810000E+003  -0.11460691E+007   0.29827394E+009
   0.16820000E+003  -0.11463212E+007   0.29827394E+009
   0.16830000E+003  -0.11465943E+007   0.29827394E+009
   0.16840000E+003  -0.11468903E+007   0.29827394E+009
   0.16850000E+003  -0.11472113E+007   0.29827394E+009
   0.16860000E+003  -0.11475597E+007   0.29827393E+009
   0.16870000E+003  -0.11479381E+007   0.29827393E+009
   0.16880000E+003  -0.11483497E+007   0.29827393E+009
   0.16890000E+003  -0.11487978E+007   0.29827393E+009
   0.16900000E+003  -0.11492866E+007   0.29827393E+009
   0.16910000E+003  -0.11498206E+007   0.29827393E+009
   0.16920000E+003  -0.11504052E+007   0.29827392E+009
   0.16930000E+003  -0.11510467E+007   0.29827392E+009
   0.16940000E+003  -0.11517524E+007   0.29827392E+009
   0.16950000E+003  -0.11525310E+007   0.29827392E+009
   0.16960000E+003  -0.11533927E+007   0.29827392E+009
   0.16970000E+003  -0.11543498E+007   0.29827391E+009
   0.16980000E+003  -0.11554174E+007   0.29827391E+009
   0.16990000E+003  -0.11566137E+007   0.29827391E+009
   0.17000000E+003  -0.11579610E+007   0.29827391E+009
   0.17010000E+003  -0.11594876E+007   0.29827391E+009
   0.17020000E+003  -0.11612287E+007   0.29827391E+009
   0.17030000E+003  -0.11632300E+007   0.29827390E+009
   0.17040000E+003  -0.11655508E+007   0.29827390E+009
   0.17050000E+003  -0.11682702E+007   0.29827390E+009
   0.17060000E+003  -0.11714953E+007   0.29827390E+009
   0.17070000E+003  -0.11753762E+007   0.29827390E+009
   0.17080000E+003  -0.11801281E+007   0.29827390E+009
   0.17090000E+003  -0.11860725E+007   0.29827389E+009
   0.17100000E+003  -0.11937116E+007   0.29827389E+009
   0.17110000E+003  -0.12038750E+007   0.29827389E+009
   0.17120000E+003  -0.12180403E+007   0.29827389E+009
   0.17130000E+003  -0.12391176E+007   0.29827389E+009
   0.17140000E+003  -0.12737422E+007   0.29827388E+009
   0.17150000E+003  -0.13410388E+007   0.29827388E+009
   0.17160000E+003  -0.15281313E+007   0.29827388E+009
   0.17170000E+003  -0.47098311E+007   0.29827388E+009
   0.17180000E+003  -0.16416199E+007   0.29827388E+009
   0.17190000E+003  -0.13687795E+007   0.29827388E+009
   0.17200000E+003  -0.12856862E+007   0.29827387E+009
   0.17210000E+003  -0.12454388E+007   0.29827387E+009
   0.17220000E+003  -0.12216707E+007   0.29827387E+009
   0.17230000E+003  -0.12059673E+007   0.29827387E+009
   0.17240000E+003  -0.11948095E+007   0.29827387E+009
   0.17250000E+003  -0.11864658E+007   0.29827387E+009
   0.17260000E+003  -0.11799851E+007   0.29827386E+009
   0.17270000E+003  -0.11748016E+007   0.29827386E+009
   0.17280000E+003  -0.11705575E+007   0.29827386E+009
   0.17290000E+003  -0.11670156E+007   0.29827386E+009
   0.17300000E+003  -0.11640124E+007   0.29827386E+009
   0.17310000E+003  -0.11614314E+007   0.29827386E+009
   0.17320000E+003  -0.11591877E+007   0.29827385E+009
   0.17330000E+003  -0.11572176E+007   0.29827385E+009
   0.17340000E+003  -0.11554724E+007   0.29827385E+009
   0.17350000E+003  -0.11539146E+007   0.29827385E+009
   0.17360000E+003  -0.11525144E+007   0.29827385E+009
   0.17370000E+003  -0.11512480E+007   0.29827384E+009
   0.17380000E+003  -0.11500964E+007   0.29827384E+009
   0.17390000E+003  -0.11490438E+007   0.29827384E+009
   0.17400000E+003  -0.11480773E+007   0.29827384E+009
   0.17410000E+003  -0.11471861E+007   0.29827384E+009
   0.17420000E+003  -0.11463612E+007   0.29827384E+009
   0.17430000E+003  -0.11455950E+007   0.29827383E+009
   0.17440000E+003  -0.11448810E+007   0.29827383E+009
   0.17450000E+003  -0.11442136E+007   0.29827383E+009
   0.17460000E+003  -0.11435879E+007   0.29827383E+009
   0.17470000E+003  -0.11429999E+007   0.29827383E+009
   0.17480000E+003  -0.11424460E+007   0.29827383E+009
   0.17490000E+003  -0.11419229E+007   0.29827382E+009
   0.17500000E+003  -0.11414280E+007   0.29827382E+009
   0.17510000E+003  -0.11409587E+007   0.29827382E+009
   0.17520000E+003  -0.11405128E+007   0.29827382E+009
   0.17530000E+003  -0.11400886E+007   0.29827382E+009
   0.17540000E+003  -0.11396842E+007   0.29827381E+009
   0.17550000E+003  -0.11392981E+007   0.29827381E+009
   0.17560000E+003  -0.11389289E+007   0.29827381E+009
   0.17570000E+003  -0.11385754E+007   0.29827381E+009
   0.17580000E+003  -0.11382365E+007   0.29827381E+009
   0.17590000E+003  -0.11379112E+007   0.29827381E+009
   0.17600000E+003  -0.11375985E+007   0.29827380E+009
   0.17610000E+003  -0.11372977E+007   0.29827380E+009
   0.17620000E+003  -0.11370079E+007   0.29827380E+009
   0.17630000E+003  -0.11367285E+007   0.29827380E+009
   0.17640000E+003  -0.11364588E+007   0.29827380E+009
   0.17650000E+003  -0.11361983E+007   0.29827380E+009
   0.17660000E+003  -0.11359464E+007   0.29827379E+009
   0.17670000E+003  -0.11357027E+007   0.29827379E+009
   0.17680000E+003  -0.11354667E+007   0.29827379E+009
   0.17690000E+003  -0.11352379E+007   0.29827379E+009
   0.17700000E+003  -0.11350160E+007   0.29827379E+009
   0.17710000E+003  -0.11348007E+007   0.29827379E+009
   0.17720000E+003  -0.11345916E+007   0.29827378E+009
   0.17730000E+003  -0.11343884E+007   0.29827378E+009
   0.17740000E+003  -0.11341908E+007   0.29827378E+009
   0.17750000E+003  -0.11339986E+007   0.29827378E+009
   0.17760000E+003  -0.11338115E+007   0.29827378E+009
   0.17770000E+003  -0.11336293E+007   0.29827378E+009
   0.17780000E+003  -0.11334517E+007   0.29827377E+009
   0.17790000E+003  -0.11332787E+007   0.29827377E+009
   0.17800000E+003  -0.11331099E+007   0.29827377E+009
   0.17810000E+003  -0.11329452E+007   0.29827377E+009
   0.17820000E+003  -0.11327845E+007   0.29827377E+009
   0.17830000E+003  -0.11326275E+007   0.29827376E+009
   0.17840000E+003  -0.11324742E+007   0.29827376E+009
   0.17850000E+003  -0.11323245E+007   0.29827376E+009
   0.17860000E+003  -0.11321781E+007   0.29827376E+009
   0.17870000E+003  -0.11320350E+007   0.29827376E+009
   0.17880000E+003  -0.11318950E+007   0.29827376E+009
   0.17890000E+003  -0.11317581E+007   0.29827375E+009
   0.17900000E+003  -0.11316241E+007   0.29827375E+009
   0.17910000E+003  -0.11314930E+007   0.29827375E+009
   0.17920000E+003  -0.11313647E+007   0.29827375E+009
   0.17930000E+003  -0.11312390E+007   0.29827375E+009
   0.17940000E+003  -0.11311159E+007   0.29827375E+009
   0.17950000E+003  -0.11309954E+007   0.29827374E+009
   0.17960000E+003  -0.11308773E+007   0.29827374E+009
   0.17970000E+003  -0.11307616E+007   0.29827374E+009
   0.17980000E+003  -0.11306482E+007   0.29827374E+009
   0.17990000E+003  -0.11305370E+007   0.29827374E+009
   0.18000000E+003  -0.11304281E+007   0.29827374E+009
