   0.45025088E-002   0.76707645E-003   0.26605790E-003   0.36176270E+000  -0.90781972E-001  -0.85714974E-001   0.61275196E+000  -0.34836537E+000  -0.19527829E+000   0.12051742E+000  -0.92583847E+000  -0.40154022E+000  -0.11018608E+000  -0.13275994E+001  -0.60588914E+000  -0.53797069E+001  -0.83048135E+000  -0.22482887E+000   0.78943906E+001   0.45964780E+001   0.15586958E+001
   0.45021894E-002   0.77173529E-003   0.26806368E-003   0.36399209E+000  -0.68188957E-001  -0.73879738E-001   0.62241893E+000  -0.33420249E+000  -0.18952016E+000   0.13563375E+000  -0.92415936E+000  -0.40081203E+000  -0.97148380E-001  -0.13273305E+001  -0.60611937E+000  -0.53787201E+001  -0.83634704E+000  -0.22736741E+000   0.78914936E+001   0.46003795E+001   0.15604313E+001
   0.45018279E-002   0.77690943E-003   0.27029136E-003   0.36452634E+000  -0.42718500E-001  -0.60331732E-001   0.63270963E+000  -0.31822235E+000  -0.18298415E+000   0.15239443E+000  -0.92204626E+000  -0.39989564E+000  -0.82652984E-001  -0.13269126E+001  -0.60632079E+000  -0.53776143E+001  -0.84286302E+000  -0.23018761E+000   0.78882719E+001   0.46047129E+001   0.15623592E+001
   0.45014596E-002   0.78208112E-003   0.27251804E-003   0.36291770E+000  -0.16990360E-001  -0.46423662E-001   0.64251855E+000  -0.30199757E+000  -0.17630761E+000   0.16911346E+000  -0.91967329E+000  -0.39886657E+000  -0.68149348E-001  -0.13263690E+001  -0.60646480E+000  -0.53764987E+001  -0.84937746E+000  -0.23300739E+000   0.78850473E+001   0.46090446E+001   0.15642864E+001
   0.45010844E-002   0.78725042E-003   0.27474375E-003   0.35907193E+000   0.88474299E-002  -0.32224812E-001   0.65183808E+000  -0.28554054E+000  -0.16949562E+000   0.18578614E+000  -0.91704115E+000  -0.39772511E+000  -0.53638827E-001  -0.13256995E+001  -0.60655124E+000  -0.53753733E+001  -0.85589035E+000  -0.23582675E+000   0.78818198E+001   0.46133746E+001   0.15662131E+001
   0.45007024E-002   0.79241737E-003   0.27696850E-003   0.35290466E+000   0.34631086E-001  -0.17813902E-001   0.66066097E+000  -0.26886385E+000  -0.16255339E+000   0.20240776E+000  -0.91415057E+000  -0.39647158E+000  -0.39122785E-001  -0.13249039E+001  -0.60657997E+000  -0.53742381E+001  -0.86240167E+000  -0.23864567E+000   0.78785893E+001   0.46177029E+001   0.15681392E+001
   0.45003137E-002   0.79758203E-003   0.27919232E-003   0.34434468E+000   0.60180906E-001  -0.32795234E-002   0.66898034E+000  -0.25198023E+000  -0.15548620E+000   0.21897365E+000  -0.91100239E+000  -0.39510635E+000  -0.24602591E-001  -0.13239818E+001  -0.60655083E+000  -0.53730930E+001  -0.86891142E+000  -0.24146416E+000   0.78753559E+001   0.46220294E+001   0.15700647E+001
   0.44999183E-002   0.80274444E-003   0.28141524E-003   0.33333772E+000   0.85301616E-001   0.11279662E-001   0.67678969E+000  -0.23490260E+000  -0.14829946E+000   0.23547915E+000  -0.90759749E+000  -0.39362979E+000  -0.10079623E-001  -0.13229331E+001  -0.60646369E+000  -0.53719381E+001  -0.87541958E+000  -0.24428221E+000   0.78721195E+001   0.46263542E+001   0.15719896E+001
   0.44995162E-002   0.80790468E-003   0.28363728E-003   0.31985052E+000   0.10978338E+000   0.25755029E-001   0.68408289E+000  -0.21764402E+000  -0.14099866E+000   0.25191961E+000  -0.90393683E+000  -0.39204233E+000   0.44447337E-002  -0.13217576E+001  -0.60631841E+000  -0.53707734E+001  -0.88192615E+000  -0.24709981E+000   0.78688803E+001   0.46306773E+001   0.15739139E+001
   0.44991075E-002   0.81306280E-003   0.28585848E-003   0.30387522E+000   0.13340364E+000   0.40028520E-001   0.69085422E+000  -0.20021768E+000  -0.13358936E+000   0.26829039E+000  -0.90002144E+000  -0.39034441E+000   0.18969088E-001  -0.13204550E+001  -0.60611485E+000  -0.53695990E+001  -0.88843110E+000  -0.24991696E+000   0.78656380E+001   0.46349987E+001   0.15758377E+001
   0.44986922E-002   0.81821886E-003   0.28807886E-003   0.28543375E+000   0.15592988E+000   0.53973674E-001   0.69709834E+000  -0.18263692E+000  -0.12607722E+000   0.28458690E+000  -0.89585240E+000  -0.38853650E+000   0.33492041E-001  -0.13190252E+001  -0.60585290E+000  -0.53684147E+001  -0.89493442E+000  -0.25273365E+000   0.78623929E+001   0.46393183E+001   0.15777608E+001
   0.44982703E-002   0.82337293E-003   0.29029846E-003   0.26458199E+000   0.17712349E+000   0.67457248E-001   0.70281028E+000  -0.16491521E+000  -0.11846799E+000   0.30080453E+000  -0.89143088E+000  -0.38661911E+000   0.48012188E-001  -0.13174679E+001  -0.60553244E+000  -0.53672205E+001  -0.90143612E+000  -0.25554988E+000   0.78591448E+001   0.46436363E+001   0.15796834E+001
   0.44978419E-002   0.82852508E-003   0.29251731E-003   0.24141340E+000   0.19674472E+000   0.80341486E-001   0.70798551E+000  -0.14706612E+000  -0.11076749E+000   0.31693872E+000  -0.88675811E+000  -0.38459276E+000   0.62528115E-001  -0.13157831E+001  -0.60515335E+000  -0.53660166E+001  -0.90793616E+000  -0.25836565E+000   0.78558938E+001   0.46479524E+001   0.15816054E+001
   0.44974068E-002   0.83367537E-003   0.29473545E-003   0.21606155E+000   0.21455863E+000   0.92487032E-001   0.71261987E+000  -0.12910333E+000  -0.10298160E+000   0.33298492E+000  -0.88183539E+000  -0.38245803E+000   0.77038407E-001  -0.13139706E+001  -0.60471553E+000  -0.53648029E+001  -0.91443455E+000  -0.26118094E+000   0.78526399E+001   0.46522669E+001   0.15835268E+001
   0.44969652E-002   0.83882387E-003   0.29695291E-003   0.18870141E+000   0.23034184E+000   0.10375643E+000   0.71670963E+000  -0.11104060E+000  -0.95116292E-001   0.34893859E+000  -0.87666408E+000  -0.38021551E+000   0.91541636E-001  -0.13120303E+001  -0.60421888E+000  -0.53635794E+001  -0.92093127E+000  -0.26399575E+000   0.78493831E+001   0.46565796E+001   0.15854476E+001
   0.44965171E-002   0.84397063E-003   0.29916973E-003   0.15954871E+000   0.24388988E+000   0.11401806E+000   0.72025145E+000  -0.92891809E-001  -0.87177574E-001   0.36479525E+000  -0.87124561E+000  -0.37786580E+000   0.10603637E+000  -0.13099619E+001  -0.60366331E+000  -0.53623461E+001  -0.92742630E+000  -0.26681008E+000   0.78461233E+001   0.46608906E+001   0.15873678E+001
   0.44960623E-002   0.84911571E-003   0.30138593E-003   0.12885735E+000   0.25502442E+000   0.12315033E+000   0.72324241E+000  -0.74670877E-001  -0.79171535E-001   0.38055040E+000  -0.86558148E+000  -0.37540958E+000   0.12052118E+000  -0.13077655E+001  -0.60304872E+000  -0.53611030E+001  -0.93391964E+000  -0.26962393E+000   0.78428606E+001   0.46651998E+001   0.15892874E+001
   0.44956008E-002   0.85425918E-003   0.30360155E-003   0.96914654E-001   0.26360009E+000   0.13104577E+000   0.72568002E+000  -0.56391806E-001  -0.71104312E-001   0.39619960E+000  -0.85967325E+000  -0.37284750E+000   0.13499462E+000  -0.13054409E+001  -0.60237504E+000  -0.53598501E+001  -0.94041128E+000  -0.27243728E+000   0.78395949E+001   0.46695073E+001   0.15912064E+001
   0.44951328E-002   0.85940106E-003   0.30581662E-003   0.64034619E-001   0.26951014E+000   0.13761477E+000   0.72756218E+000  -0.38068647E-001  -0.62982093E-001   0.41173842E+000  -0.85352256E+000  -0.37018028E+000   0.14945524E+000  -0.13029881E+001  -0.60164220E+000  -0.53585874E+001  -0.94690119E+000  -0.27525014E+000   0.78363264E+001   0.46738131E+001   0.15931248E+001
   0.44946580E-002   0.86454141E-003   0.30803115E-003   0.30549525E-001   0.27269052E+000   0.14278863E+000   0.72888723E+000  -0.19715498E-001  -0.54811113E-001   0.42716247E+000  -0.84713109E+000  -0.36740866E+000   0.16390159E+000  -0.13004070E+001  -0.60085011E+000  -0.53573149E+001  -0.95338938E+000  -0.27806249E+000   0.78330549E+001   0.46781171E+001   0.15950427E+001
   0.44941765E-002   0.86968025E-003   0.31024518E-003  -0.31995178E-002   0.27312189E+000   0.14652161E+000   0.72965392E+000  -0.13464887E-002  -0.46597649E-001   0.44246738E+000  -0.84050061E+000  -0.36453339E+000   0.17833220E+000  -0.12976975E+001  -0.59999874E+000  -0.53560327E+001  -0.95987583E+000  -0.28087433E+000   0.78297805E+001   0.46824194E+001   0.15969599E+001
   0.44936882E-002   0.87481761E-003   0.31245871E-003  -0.36872375E-001   0.27082950E+000   0.14879190E+000   0.72986145E+000   0.17024227E-001  -0.38348016E-001   0.45764881E+000  -0.83363293E+000  -0.36155527E+000   0.19274563E+000  -0.12948597E+001  -0.59908800E+000  -0.53547407E+001  -0.96636052E+000  -0.28368566E+000   0.78265032E+001   0.46867199E+001   0.15988766E+001
   0.44931931E-002   0.87995351E-003   0.31467176E-003  -0.70139333E-001   0.26588103E+000   0.14960141E+000   0.72950940E+000   0.35382482E-001  -0.30068560E-001   0.47270247E+000  -0.82652996E+000  -0.35847511E+000   0.20714038E+000  -0.12918934E+001  -0.59811787E+000  -0.53534388E+001  -0.97284344E+000  -0.28649647E+000   0.78232230E+001   0.46910187E+001   0.16007926E+001
   0.44926912E-002   0.88508796E-003   0.31688434E-003  -0.10268950E+000   0.25838245E+000   0.14897447E+000   0.72859781E+000   0.53714108E-001  -0.21765657E-001   0.48762407E+000  -0.81919364E+000  -0.35529377E+000   0.22151501E+000  -0.12887987E+001  -0.59708830E+000  -0.53521272E+001  -0.97932459E+000  -0.28930676E+000   0.78199398E+001   0.46953157E+001   0.16027081E+001
   0.44921823E-002   0.89022096E-003   0.31909646E-003  -0.13423766E+000   0.24847263E+000   0.14695566E+000   0.72712714E+000   0.72004942E-001  -0.13445704E-001   0.50240938E+000  -0.81162599E+000  -0.35201211E+000   0.23586802E+000  -0.12855756E+001  -0.59599925E+000  -0.53508059E+001  -0.98580396E+000  -0.29211652E+000   0.78166538E+001   0.46996110E+001   0.16046229E+001
   0.44916666E-002   0.89535253E-003   0.32130811E-003  -0.16452933E+000   0.23631700E+000   0.14360692E+000   0.72509827E+000   0.90240841E-001  -0.51151206E-002   0.51705420E+000  -0.80382908E+000  -0.34863105E+000   0.25019793E+000  -0.12822242E+001  -0.59485070E+000  -0.53494747E+001  -0.99228152E+000  -0.29492575E+000   0.78133648E+001   0.47039045E+001   0.16065372E+001
   0.44911440E-002   0.90048265E-003   0.32351930E-003  -0.19334385E+000   0.22210092E+000   0.13900433E+000   0.72251251E+000   0.10840769E+000   0.32196635E-002   0.53155435E+000  -0.79580506E+000  -0.34515150E+000   0.26450327E+000  -0.12787444E+001  -0.59364262E+000  -0.53481338E+001  -0.99875726E+000  -0.29773444E+000   0.78100729E+001   0.47081963E+001   0.16084508E+001
   0.44906143E-002   0.90561133E-003   0.32573004E-003  -0.22049574E+000   0.20602316E+000   0.13323483E+000   0.71937160E+000   0.12649142E+000   0.11552207E-001   0.54590571E+000  -0.78755614E+000  -0.34157443E+000   0.27878253E+000  -0.12751364E+001  -0.59237501E+000  -0.53467831E+001  -0.10052312E+001  -0.30054258E+000   0.78067781E+001   0.47124863E+001   0.16103639E+001
   0.44900777E-002   0.91073857E-003   0.32794031E-003  -0.24583441E+000   0.18828993E+000   0.12639290E+000   0.71567770E+000   0.14447800E+000   0.19876066E-001   0.56010417E+000  -0.77908458E+000  -0.33790081E+000   0.29303423E+000  -0.12714001E+001  -0.59104784E+000  -0.53454227E+001  -0.10117033E+001  -0.30335017E+000   0.78034804E+001   0.47167745E+001   0.16122763E+001
   0.44895342E-002   0.91586435E-003   0.33015011E-003  -0.26924273E+000   0.16910960E+000   0.11857770E+000   0.71143340E+000   0.16235347E+000   0.28184796E-001   0.57414570E+000  -0.77039270E+000  -0.33413166E+000   0.30725687E+000  -0.12675358E+001  -0.58966114E+000  -0.53440525E+001  -0.10181735E+001  -0.30615722E+000   0.78001797E+001   0.47210610E+001   0.16141882E+001
   0.44889836E-002   0.92098867E-003   0.33235945E-003  -0.29063461E+000   0.14868835E+000   0.10989039E+000   0.70664171E+000   0.18010394E+000   0.36471957E-001   0.58802626E+000  -0.76148289E+000  -0.33026800E+000   0.32144895E+000  -0.12635434E+001  -0.58821489E+000  -0.53426725E+001  -0.10246419E+001  -0.30896370E+000   0.77968762E+001   0.47253458E+001   0.16160994E+001
   0.44884261E-002   0.92611154E-003   0.33456832E-003  -0.30995207E+000   0.12722670E+000   0.10043207E+000   0.70130607E+000   0.19771559E+000   0.44731120E-001   0.60174189E+000  -0.75235760E+000  -0.32631091E+000   0.33560897E+000  -0.12594232E+001  -0.58670913E+000  -0.53412828E+001  -0.10311084E+001  -0.31176961E+000   0.77935697E+001   0.47296287E+001   0.16180101E+001
   0.44878615E-002   0.93123295E-003   0.33677672E-003  -0.32716197E+000   0.10491695E+000   0.90302006E-001   0.69543034E+000   0.21517472E+000   0.52955871E-001   0.61528866E+000  -0.74301934E+000  -0.32226147E+000   0.34973542E+000  -0.12551752E+001  -0.58514386E+000  -0.53398833E+001  -0.10375730E+001  -0.31457496E+000   0.77902603E+001   0.47339099E+001   0.16199201E+001
   0.44872900E-002   0.93635289E-003   0.33898464E-003  -0.34225275E+000   0.81941338E-001   0.79596334E-001   0.68901879E+000   0.23246770E+000   0.61139816E-001   0.62866267E+000  -0.73347068E+000  -0.31812079E+000   0.36382680E+000  -0.12507997E+001  -0.58351912E+000  -0.53384741E+001  -0.10440358E+001  -0.31737973E+000   0.77869481E+001   0.47381894E+001   0.16218296E+001
   0.44867115E-002   0.94147138E-003   0.34119209E-003  -0.35523114E+000   0.58470951E-001   0.68407129E-001   0.68207612E+000   0.24958103E+000   0.69276586E-001   0.64186008E+000  -0.72371423E+000  -0.31389001E+000   0.37788159E+000  -0.12462967E+001  -0.58183495E+000  -0.53370551E+001  -0.10504966E+001  -0.32018393E+000   0.77836329E+001   0.47424670E+001   0.16237384E+001
   0.44861260E-002   0.94658842E-003   0.34339907E-003  -0.36611922E+000   0.34665093E-001   0.56821768E-001   0.67460743E+000   0.26650135E+000   0.77359840E-001   0.65487709E+000  -0.71375269E+000  -0.30957030E+000   0.39189828E+000  -0.12416664E+001  -0.58009138E+000  -0.53356264E+001  -0.10569555E+001  -0.32298754E+000   0.77803148E+001   0.47467429E+001   0.16256466E+001
   0.44855335E-002   0.95170401E-003   0.34560557E-003  -0.37495162E+000   0.10671142E-001   0.44922565E-001   0.66661825E+000   0.28321541E+000   0.85383274E-001   0.66770995E+000  -0.70358879E+000  -0.30516284E+000   0.40587536E+000  -0.12369092E+001  -0.57828848E+000  -0.53341879E+001  -0.10634125E+001  -0.32579055E+000   0.77769938E+001   0.47510170E+001   0.16275543E+001
   0.44849341E-002   0.95681815E-003   0.34781160E-003  -0.38177313E+000  -0.13375288E-001   0.32786602E-001   0.65811450E+000   0.29971010E+000   0.93340621E-001   0.68035494E+000  -0.69322534E+000  -0.30066884E+000   0.41981131E+000  -0.12320251E+001  -0.57642631E+000  -0.53327397E+001  -0.10698675E+001  -0.32859298E+000   0.77736699E+001   0.47552894E+001   0.16294613E+001
   0.44843277E-002   0.96193086E-003   0.35001716E-003  -0.38663661E+000  -0.37349948E-001   0.20485725E-001   0.64910251E+000   0.31597250E+000   0.10122566E+000   0.69280841E+000  -0.68266518E+000  -0.29608955E+000   0.43370462E+000  -0.12270145E+001  -0.57450491E+000  -0.53312818E+001  -0.10763206E+001  -0.33139480E+000   0.77703431E+001   0.47595599E+001   0.16313677E+001
   0.44837144E-002   0.96704215E-003   0.35222225E-003  -0.38960110E+000  -0.61139405E-001   0.80866514E-002   0.63958901E+000   0.33198982E+000   0.10903222E+000   0.70506674E+000  -0.67191122E+000  -0.29142622E+000   0.44755377E+000  -0.12218775E+001  -0.57252439E+000  -0.53298141E+001  -0.10827717E+001  -0.33419602E+000   0.77670134E+001   0.47638287E+001   0.16332735E+001
   0.44830941E-002   0.97215203E-003   0.35442688E-003  -0.39073037E+000  -0.84640382E-001  -0.43488385E-002   0.62958113E+000   0.34774946E+000   0.11675418E+000   0.71712639E+000  -0.66096644E+000  -0.28668014E+000   0.46135724E+000  -0.12166145E+001  -0.57048481E+000  -0.53283367E+001  -0.10892208E+001  -0.33699662E+000   0.77636808E+001   0.47680957E+001   0.16351786E+001
   0.44824668E-002   0.97726052E-003   0.35663105E-003  -0.39009162E+000  -0.10775905E+000  -0.16763654E-001   0.61908639E+000   0.36323901E+000   0.12438548E+000   0.72898382E+000  -0.64983384E+000  -0.28185262E+000   0.47511350E+000  -0.12112257E+001  -0.56838626E+000  -0.53268496E+001  -0.10956680E+001  -0.33979662E+000   0.77603453E+001   0.47723609E+001   0.16370832E+001
   0.44818327E-002   0.98236762E-003   0.35883477E-003  -0.38775445E+000  -0.13041029E+000  -0.29105113E-001   0.60811269E+000   0.37844626E+000   0.13192012E+000   0.74063560E+000  -0.63851651E+000  -0.27694500E+000   0.48882106E+000  -0.12057115E+001  -0.56622885E+000  -0.53253527E+001  -0.11021131E+001  -0.34259599E+000   0.77570069E+001   0.47766244E+001   0.16389872E+001
   0.44811916E-002   0.98747335E-003   0.36103804E-003  -0.38378997E+000  -0.15251700E+000  -0.41324644E-001   0.59666832E+000   0.39335918E+000   0.13935218E+000   0.75207831E+000  -0.62701756E+000  -0.27195862E+000   0.50247837E+000  -0.12000721E+001  -0.56401267E+000  -0.53238461E+001  -0.11085563E+001  -0.34539473E+000   0.77536656E+001   0.47808860E+001   0.16408905E+001
   0.44805436E-002   0.99257773E-003   0.36324087E-003  -0.37827020E+000  -0.17400936E+000  -0.53377485E-001   0.58476193E+000   0.40796598E+000   0.14667581E+000   0.76330859E+000  -0.61534018E+000  -0.26689487E+000   0.51608393E+000  -0.11943078E+001  -0.56173785E+000  -0.53223298E+001  -0.11149974E+001  -0.34819285E+000   0.77503214E+001   0.47851459E+001   0.16427933E+001
   0.44798886E-002   0.99768078E-003   0.36544327E-003  -0.37126748E+000  -0.19482418E+000  -0.65222378E-001   0.57240257E+000   0.42225510E+000   0.15388522E+000   0.77432317E+000  -0.60348760E+000  -0.26175515E+000   0.52963621E+000  -0.11884192E+001  -0.55940451E+000  -0.53208038E+001  -0.11214364E+001  -0.35099033E+000   0.77469743E+001   0.47894040E+001   0.16446954E+001
   0.44792268E-002   0.10027825E-002   0.36764524E-003  -0.36285409E+000  -0.21490429E+000  -0.76821282E-001   0.55959963E+000   0.43621518E+000   0.16097472E+000   0.78511878E+000  -0.59146310E+000  -0.25654088E+000   0.54313371E+000  -0.11824064E+001  -0.55701277E+000  -0.53192680E+001  -0.11278735E+001  -0.35378716E+000   0.77436243E+001   0.47936603E+001   0.16465969E+001
   0.44785580E-002   0.10078829E-002   0.36984679E-003  -0.35310192E+000  -0.23419794E+000  -0.88139097E-001   0.54636285E+000   0.44983514E+000   0.16793870E+000   0.79569225E+000  -0.57927000E+000  -0.25125350E+000   0.55657489E+000  -0.11762700E+001  -0.55456277E+000  -0.53177225E+001  -0.11343084E+001  -0.35658335E+000   0.77402714E+001   0.47979148E+001   0.16484978E+001
   0.44778823E-002   0.10129821E-002   0.37204793E-003  -0.34208228E+000  -0.25265829E+000  -0.99143402E-001   0.53270234E+000   0.46310414E+000   0.17477166E+000   0.80604045E+000  -0.56691170E+000  -0.24589448E+000   0.56995826E+000  -0.11700103E+001  -0.55205466E+000  -0.53161674E+001  -0.11407413E+001  -0.35937889E+000   0.77369156E+001   0.48021675E+001   0.16503980E+001
   0.44771996E-002   0.10180800E-002   0.37424867E-003  -0.32986571E+000  -0.27024291E+000  -0.10980421E+000   0.51862854E+000   0.47601160E+000   0.18146816E+000   0.81616031E+000  -0.55439162E+000  -0.24046531E+000   0.58328229E+000  -0.11636277E+001  -0.54948858E+000  -0.53146025E+001  -0.11471721E+001  -0.36217378E+000   0.77335570E+001   0.48064184E+001   0.16522977E+001
   0.44765101E-002   0.10231766E-002   0.37644901E-003  -0.31652193E+000  -0.28691334E+000  -0.12009375E+000   0.50415224E+000   0.48854721E+000   0.18802289E+000   0.82604882E+000  -0.54171324E+000  -0.23496750E+000   0.59654547E+000  -0.11571227E+001  -0.54686472E+000  -0.53130279E+001  -0.11536009E+001  -0.36496800E+000   0.77301954E+001   0.48106675E+001   0.16541967E+001
   0.44758136E-002   0.10282721E-002   0.37864897E-003  -0.30211976E+000  -0.30263472E+000  -0.12998625E+000   0.48928455E+000   0.50070095E+000   0.19443065E+000   0.83570303E+000  -0.52888009E+000  -0.22940258E+000   0.60974630E+000  -0.11504958E+001  -0.54418322E+000  -0.53114436E+001  -0.11600275E+001  -0.36776156E+000   0.77268309E+001   0.48149148E+001   0.16560952E+001
   0.44751102E-002   0.10333663E-002   0.38084855E-003  -0.28672709E+000  -0.31737538E+000  -0.13945775E+000   0.47403689E+000   0.51246307E+000   0.20068631E+000   0.84512006E+000  -0.51589573E+000  -0.22377209E+000   0.62288327E+000  -0.11437473E+001  -0.54144427E+000  -0.53098497E+001  -0.11664520E+001  -0.37055444E+000   0.77234636E+001   0.48191603E+001   0.16579930E+001
   0.44743998E-002   0.10384593E-002   0.38304776E-003  -0.27041097E+000  -0.33110661E+000  -0.14848596E+000   0.45842100E+000   0.52382414E+000   0.20678490E+000   0.85429707E+000  -0.50276379E+000  -0.21807760E+000   0.63595487E+000  -0.11368779E+001  -0.53864806E+000  -0.53082460E+001  -0.11728743E+001  -0.37334665E+000   0.77200934E+001   0.48234041E+001   0.16598901E+001
   0.44736825E-002   0.10435512E-002   0.38524662E-003  -0.25323759E+000  -0.34380227E+000  -0.15705005E+000   0.44244893E+000   0.53477501E+000   0.21272154E+000   0.86323130E+000  -0.48948792E+000  -0.21232071E+000   0.64895961E+000  -0.11298880E+001  -0.53579477E+000  -0.53066326E+001  -0.11792945E+001  -0.37613817E+000   0.77167203E+001   0.48276460E+001   0.16617867E+001
   0.44729582E-002   0.10486419E-002   0.38744512E-003  -0.23527241E+000  -0.35543865E+000  -0.16513055E+000   0.42613301E+000   0.54530686E+000   0.21849148E+000   0.87192006E+000  -0.47607184E+000  -0.20650301E+000   0.66189599E+000  -0.11227781E+001  -0.53288462E+000  -0.53050096E+001  -0.11857126E+001  -0.37892901E+000   0.77133443E+001   0.48318861E+001   0.16636826E+001
   0.44722270E-002   0.10537315E-002   0.38964327E-003  -0.21658017E+000  -0.36599417E+000  -0.17270923E+000   0.40948588E+000   0.55541120E+000   0.22409009E+000   0.88036070E+000  -0.46251930E+000  -0.20062614E+000   0.67476251E+000  -0.11155489E+001  -0.52991782E+000  -0.53033768E+001  -0.11921285E+001  -0.38171916E+000   0.77099654E+001   0.48361243E+001   0.16655779E+001
   0.44714888E-002   0.10588200E-002   0.39184110E-003  -0.19722507E+000  -0.37544924E+000  -0.17976894E+000   0.39252042E+000   0.56507984E+000   0.22951290E+000   0.88855066E+000  -0.44883408E+000  -0.19469174E+000   0.68755769E+000  -0.11082008E+001  -0.52689457E+000  -0.53017344E+001  -0.11985422E+001  -0.38450861E+000   0.77065836E+001   0.48403608E+001   0.16674726E+001
   0.44707436E-002   0.10639073E-002   0.39403860E-003  -0.17727083E+000  -0.38378607E+000  -0.18629359E+000   0.37524981E+000   0.57430495E+000   0.23475552E+000   0.89648743E+000  -0.43502002E+000  -0.18870147E+000   0.70028005E+000  -0.11007344E+001  -0.52381511E+000  -0.53000823E+001  -0.12049538E+001  -0.38729735E+000   0.77031989E+001   0.48445955E+001   0.16693667E+001
   0.44699914E-002   0.10689936E-002   0.39623578E-003  -0.15678084E+000  -0.39098854E+000  -0.19226797E+000   0.35768746E+000   0.58307902E+000   0.23981375E+000   0.90416857E+000  -0.42108100E+000  -0.18265702E+000   0.71292809E+000  -0.10931504E+001  -0.52067967E+000  -0.52984205E+001  -0.12113631E+001  -0.39008539E+000   0.76998114E+001   0.48488284E+001   0.16712601E+001
   0.44692322E-002   0.10740788E-002   0.39843265E-003  -0.13581825E+000  -0.39704211E+000  -0.19767777E+000   0.33984704E+000   0.59139491E+000   0.24468349E+000   0.91159172E+000  -0.40702092E+000  -0.17656007E+000   0.72550036E+000  -0.10854494E+001  -0.51748850E+000  -0.52967490E+001  -0.12177702E+001  -0.39287272E+000   0.76964210E+001   0.48530594E+001   0.16731530E+001
   0.44684659E-002   0.10791630E-002   0.40062922E-003  -0.11444618E+000  -0.40193367E+000  -0.20250943E+000   0.32174245E+000   0.59924583E+000   0.24936082E+000   0.91875457E+000  -0.39284375E+000  -0.17041235E+000   0.73799537E+000  -0.10776319E+001  -0.51424185E+000  -0.52950679E+001  -0.12241751E+001  -0.39565933E+000   0.76930277E+001   0.48572886E+001   0.16750452E+001
   0.44676926E-002   0.10842462E-002   0.40282549E-003  -0.92727780E-001  -0.40565154E+000  -0.20675017E+000   0.30338782E+000   0.60662534E+000   0.25384196E+000   0.92565490E+000  -0.37855348E+000  -0.16421559E+000   0.75041167E+000  -0.10696988E+001  -0.51093997E+000  -0.52933771E+001  -0.12305778E+001  -0.39844522E+000   0.76896315E+001   0.48615160E+001   0.16769367E+001
   0.44669123E-002   0.10893283E-002   0.40502148E-003  -0.70726451E-001  -0.40818537E+000  -0.21038785E+000   0.28479749E+000   0.61352739E+000   0.25812325E+000   0.93229055E+000  -0.36415412E+000  -0.15797152E+000   0.76274779E+000  -0.10616505E+001  -0.50758314E+000  -0.52916766E+001  -0.12369782E+001  -0.40123038E+000   0.76862325E+001   0.48657416E+001   0.16788277E+001
   0.44661249E-002   0.10944094E-002   0.40721720E-003  -0.48505959E-001  -0.40952611E+000  -0.21341106E+000   0.26598600E+000   0.61994627E+000   0.26220123E+000   0.93865941E+000  -0.34964975E+000  -0.15168192E+000   0.77500229E+000  -0.10534878E+001  -0.50417163E+000  -0.52899665E+001  -0.12433764E+001  -0.40401481E+000   0.76828305E+001   0.48699654E+001   0.16807180E+001
   0.44653304E-002   0.10994896E-002   0.40941263E-003  -0.26130609E-001  -0.40966605E+000  -0.21580897E+000   0.24696809E+000   0.62587669E+000   0.26607257E+000   0.94475948E+000  -0.33504446E+000  -0.14534855E+000   0.78717372E+000  -0.10452115E+001  -0.50070572E+000  -0.52882467E+001  -0.12497723E+001  -0.40679850E+000   0.76794257E+001   0.48741873E+001   0.16826076E+001
   0.44645288E-002   0.11045687E-002   0.41160781E-003  -0.36654117E-002  -0.40859877E+000  -0.21757142E+000   0.22775866E+000   0.63131372E+000   0.26973412E+000   0.95058880E+000  -0.32034239E+000  -0.13897323E+000   0.79926063E+000  -0.10368222E+001  -0.49718572E+000  -0.52865173E+001  -0.12561659E+001  -0.40958144E+000   0.76760180E+001   0.48784075E+001   0.16844967E+001
   0.44637201E-002   0.11096469E-002   0.41380273E-003   0.18823749E-001  -0.40631921E+000  -0.21868887E+000   0.20837281E+000   0.63625282E+000   0.27318287E+000   0.95614552E+000  -0.30554770E+000  -0.13255773E+000   0.81126161E+000  -0.10283207E+001  -0.49361191E+000  -0.52847782E+001  -0.12625572E+001  -0.41236364E+000   0.76726075E+001   0.48826257E+001   0.16863851E+001
   0.44629043E-002   0.11147242E-002   0.41599739E-003   0.41269938E-001  -0.40282372E+000  -0.21915242E+000   0.18882576E+000   0.64068984E+000   0.27641600E+000   0.96142782E+000  -0.29066459E+000  -0.12610390E+000   0.82317522E+000  -0.10197077E+001  -0.48998461E+000  -0.52830295E+001  -0.12689462E+001  -0.41514509E+000   0.76691941E+001   0.48868422E+001   0.16882729E+001
   0.44620813E-002   0.11198005E-002   0.41819181E-003   0.63604997E-001  -0.39811013E+000  -0.21895383E+000   0.16913290E+000   0.64462103E+000   0.27943085E+000   0.96643398E+000  -0.27569728E+000  -0.11961357E+000   0.83500006E+000  -0.10109840E+001  -0.48630413E+000  -0.52812711E+001  -0.12753329E+001  -0.41792577E+000   0.76657778E+001   0.48910568E+001   0.16901601E+001
   0.44612511E-002   0.11248758E-002   0.42038599E-003   0.85759356E-001  -0.39217785E+000  -0.21808557E+000   0.14930974E+000   0.64804306E+000   0.28222493E+000   0.97116235E+000  -0.26065005E+000  -0.11308857E+000   0.84673470E+000  -0.10021504E+001  -0.48257081E+000  -0.52795031E+001  -0.12817173E+001  -0.42070570E+000   0.76623586E+001   0.48952696E+001   0.16920466E+001
   0.44604138E-002   0.11299503E-002   0.42257994E-003   0.10766185E+000  -0.38502803E+000  -0.21654086E+000   0.12937191E+000   0.65095298E+000   0.28479593E+000   0.97561136E+000  -0.24552716E+000  -0.10653077E+000   0.85837776E+000  -0.99320774E+000  -0.47878496E+000  -0.52777254E+001  -0.12880993E+001  -0.42348485E+000   0.76589365E+001   0.48994806E+001   0.16939325E+001
   0.44595692E-002   0.11350238E-002   0.42477366E-003   0.12923954E+000  -0.37666367E+000  -0.21431375E+000   0.10933515E+000   0.65334825E+000   0.28714171E+000   0.97977952E+000  -0.23033295E+000  -0.99942039E-001   0.86992784E+000  -0.98415681E+000  -0.47494695E+000  -0.52759381E+001  -0.12944789E+001  -0.42626323E+000   0.76555116E+001   0.49036897E+001   0.16958177E+001
   0.44587174E-002   0.11400965E-002   0.42696715E-003   0.15041753E+000  -0.36708986E+000  -0.21139916E+000   0.89215284E-001   0.65522677E+000   0.28926033E+000   0.98366540E+000  -0.21507175E+000  -0.93324262E-001   0.88138355E+000  -0.97499846E+000  -0.47105710E+000  -0.52741411E+001  -0.13008563E+001  -0.42904084E+000   0.76520839E+001   0.49078970E+001   0.16977023E+001
   0.44578583E-002   0.11451682E-002   0.42916043E-003   0.17111875E+000  -0.35631399E+000  -0.20779305E+000   0.69028234E-001   0.65658680E+000   0.29114999E+000   0.98726766E+000  -0.19974792E+000  -0.86679332E-001   0.89274354E+000  -0.96573356E+000  -0.46711579E+000  -0.52723346E+001  -0.13072312E+001  -0.43181766E+000   0.76486532E+001   0.49121025E+001   0.16995863E+001
   0.44569920E-002   0.11502391E-002   0.43135349E-003   0.19126384E+000  -0.34434601E+000  -0.20349250E+000   0.48789974E-001   0.65742707E+000   0.29280911E+000   0.99058504E+000  -0.18436587E+000  -0.80009154E-001   0.90400643E+000  -0.95636298E+000  -0.46312338E+000  -0.52705184E+001  -0.13136037E+001  -0.43459369E+000   0.76452197E+001   0.49163061E+001   0.17014697E+001
   0.44561184E-002   0.11553090E-002   0.43354634E-003   0.21077092E+000  -0.33119872E+000  -0.19849584E+000   0.28516538E-001   0.65774670E+000   0.29423628E+000   0.99361635E+000  -0.16893000E+000  -0.73315641E-001   0.91517087E+000  -0.94688761E+000  -0.45908023E+000  -0.52686926E+001  -0.13199739E+001  -0.43736893E+000   0.76417833E+001   0.49205079E+001   0.17033524E+001
   0.44552375E-002   0.11603781E-002   0.43573898E-003   0.22955546E+000  -0.31688818E+000  -0.19280287E+000   0.82240008E-002   0.65754523E+000   0.29543027E+000   0.99636049E+000  -0.15344476E+000  -0.66600719E-001   0.92623552E+000  -0.93730836E+000  -0.45498674E+000  -0.52668571E+001  -0.13263416E+001  -0.44014337E+000   0.76383441E+001   0.49247078E+001   0.17052344E+001
   0.44543492E-002   0.11654464E-002   0.43793143E-003   0.24753015E+000  -0.30143408E+000  -0.18641506E+000  -0.12071534E-001   0.65682261E+000   0.29639005E+000   0.99881644E+000  -0.13791460E+000  -0.59866320E-001   0.93719905E+000  -0.92762617E+000  -0.45084329E+000  -0.52650121E+001  -0.13327069E+001  -0.44291700E+000   0.76349020E+001   0.49289059E+001   0.17071159E+001
   0.44534536E-002   0.11705137E-002   0.44012368E-003   0.26460476E+000  -0.28486019E+000  -0.17933573E+000  -0.32353950E-001   0.65557924E+000   0.29711477E+000   0.10009832E+001  -0.12234400E+000  -0.53114387E-001   0.94806014E+000  -0.91784198E+000  -0.44665028E+000  -0.52631574E+001  -0.13390698E+001  -0.44568983E+000   0.76314570E+001   0.49331021E+001   0.17089966E+001
   0.44525507E-002   0.11755802E-002   0.44231573E-003   0.28068609E+000  -0.26719494E+000  -0.17157038E+000  -0.52607126E-001   0.65381591E+000   0.29760377E+000   0.10028601E+001  -0.10673745E+000  -0.46346869E-001   0.95881747E+000  -0.90795674E+000  -0.44240811E+000  -0.52612931E+001  -0.13454302E+001  -0.44846184E+000   0.76280092E+001   0.49372965E+001   0.17108768E+001
   0.44516404E-002   0.11806459E-002   0.44450759E-003   0.29567795E+000  -0.24847196E+000  -0.16312701E+000  -0.72814956E-001   0.65153385E+000   0.29785658E+000   0.10044461E+001  -0.91099483E-001  -0.39565725E-001   0.96946975E+000  -0.89797143E+000  -0.43811719E+000  -0.52594193E+001  -0.13517882E+001  -0.45123304E+000   0.76245585E+001   0.49414890E+001   0.17127563E+001
   0.44507227E-002   0.11857107E-002   0.44669927E-003   0.30948116E+000  -0.22873078E+000  -0.15401642E+000  -0.92961359E-001   0.64873469E+000   0.29787292E+000   0.10057406E+001  -0.75434616E-001  -0.32772920E-001   0.98001569E+000  -0.88788705E+000  -0.43377796E+000  -0.52575358E+001  -0.13581437E+001  -0.45400341E+000   0.76211050E+001   0.49456797E+001   0.17146352E+001
   0.44497976E-002   0.11907747E-002   0.44889077E-003   0.32199371E+000  -0.20801756E+000  -0.14425268E+000  -0.11303029E+000   0.64542051E+000   0.29765270E+000   0.10067431E+001  -0.59747399E-001  -0.25970424E-001   0.99045402E+000  -0.87770461E+000  -0.42939082E+000  -0.52556427E+001  -0.13644967E+001  -0.45677295E+000   0.76176486E+001   0.49498686E+001   0.17165134E+001
   0.44488650E-002   0.11958379E-002   0.45108209E-003   0.33311094E+000  -0.18638588E+000  -0.13385355E+000  -0.13300576E+000   0.64159378E+000   0.29719602E+000   0.10074529E+001  -0.44042392E-001  -0.19160216E-001   0.10007835E+001  -0.86742512E+000  -0.42495623E+000  -0.52537400E+001  -0.13708473E+001  -0.45954165E+000   0.76141894E+001   0.49540555E+001   0.17183910E+001
   0.44479250E-002   0.12009002E-002   0.45327323E-003   0.34272596E+000  -0.16389768E+000  -0.12284101E+000  -0.15287185E+000   0.63725739E+000   0.29650319E+000   0.10078696E+001  -0.28324168E-001  -0.12344278E-001   0.10110028E+001  -0.85704963E+000  -0.42047462E+000  -0.52518277E+001  -0.13771953E+001  -0.46230952E+000   0.76107272E+001   0.49582406E+001   0.17202679E+001
   0.44469775E-002   0.12059617E-002   0.45546421E-003   0.35073009E+000  -0.14062418E+000  -0.11124182E+000  -0.17261271E+000   0.63241467E+000   0.29557468E+000   0.10079929E+001  -0.12597312E-001  -0.55245975E-002   0.10211108E+001  -0.84657920E+000  -0.41594644E+000  -0.52499059E+001  -0.13835408E+001  -0.46507654E+000   0.76072623E+001   0.49624239E+001   0.17221442E+001
   0.44460226E-002   0.12110224E-002   0.45765502E-003   0.35701363E+000  -0.11664692E+000  -0.99088157E-001  -0.19221259E+000   0.62706933E+000   0.29441117E+000   0.10078225E+001   0.31335840E-002   0.12968324E-002   0.10311062E+001  -0.83601488E+000  -0.41137216E+000  -0.52479744E+001  -0.13898838E+001  -0.46784272E+000   0.76037945E+001   0.49666053E+001   0.17240198E+001
   0.44450602E-002   0.12160823E-002   0.45984568E-003   0.36146682E+000  -0.92058815E-001  -0.86418237E-001  -0.21165584E+000   0.62122550E+000   0.29301354E+000   0.10073582E+001   0.18863915E-001   0.81180160E-002   0.10409878E+001  -0.82535778E+000  -0.40675223E+000  -0.52460334E+001  -0.13962243E+001  -0.47060804E+000   0.76003238E+001   0.49707848E+001   0.17258948E+001
   0.44440902E-002   0.12211414E-002   0.46203619E-003   0.36398106E+000  -0.66965208E-001  -0.73277061E-001  -0.23092693E+000   0.61488774E+000   0.29138284E+000   0.10065998E+001   0.34589071E-001   0.14936954E-001   0.10507544E+001  -0.81460899E+000  -0.40208713E+000  -0.52440828E+001  -0.14025622E+001  -0.47337250E+000   0.75968503E+001   0.49749625E+001   0.17277692E+001
   0.44431128E-002   0.12261998E-002   0.46422655E-003   0.36445051E+000  -0.41484939E-001  -0.59717117E-001  -0.25001048E+000   0.60806096E+000   0.28952032E+000   0.10055473E+001   0.50304434E-001   0.21751644E-001   0.10604049E+001  -0.80376963E+000  -0.39737734E+000  -0.52421226E+001  -0.14088975E+001  -0.47613609E+000   0.75933739E+001   0.49791383E+001   0.17296429E+001
   0.44421277E-002   0.12312574E-002   0.46641677E-003   0.36277408E+000  -0.15751286E-001  -0.45799092E-001  -0.26889123E+000   0.60075053E+000   0.28742741E+000   0.10042009E+001   0.66005383E-001   0.28560082E-001   0.10699380E+001  -0.79284082E+000  -0.39262335E+000  -0.52401528E+001  -0.14152303E+001  -0.47889882E+000   0.75898947E+001   0.49833122E+001   0.17315159E+001
   0.44411352E-002   0.12363142E-002   0.46860687E-003   0.35885776E+000   0.10087242E-001  -0.31592553E-001  -0.28755410E+000   0.59296218E+000   0.28510574E+000   0.10025606E+001   0.81687293E-001   0.35360262E-001   0.10793526E+001  -0.78182372E+000  -0.38782564E+000  -0.52381735E+001  -0.14215605E+001  -0.48166067E+000   0.75864127E+001   0.49874843E+001   0.17333883E+001
   0.44401350E-002   0.12413703E-002   0.47079686E-003   0.35261754E+000   0.35866376E-001  -0.17176516E-001  -0.30598416E+000   0.58470203E+000   0.28255713E+000   0.10006267E+001   0.97345535E-001   0.42150178E-001   0.10886476E+001  -0.77071948E+000  -0.38298473E+000  -0.52361846E+001  -0.14278881E+001  -0.48442164E+000   0.75829277E+001   0.49916544E+001   0.17352601E+001
   0.44391272E-002   0.12464256E-002   0.47298674E-003   0.34398268E+000   0.61405926E-001  -0.26398781E-002  -0.32416668E+000   0.57597660E+000   0.27978357E+000   0.99839948E+000   0.11297548E+000   0.48927822E-001   0.10978219E+001  -0.75952927E+000  -0.37810111E+000  -0.52341861E+001  -0.14342131E+001  -0.48718173E+000   0.75794400E+001   0.49958227E+001   0.17371312E+001
   0.44381119E-002   0.12514803E-002   0.47517652E-003   0.33289948E+000   0.86510154E-001   0.11918387E-001  -0.34208712E+000   0.56679278E+000   0.27678724E+000   0.99587937E+000   0.12857250E+000   0.55691187E-001   0.11068743E+001  -0.74825428E+000  -0.37317531E+000  -0.52321781E+001  -0.14405354E+001  -0.48994092E+000   0.75759494E+001   0.49999892E+001   0.17390016E+001
   0.44370888E-002   0.12565343E-002   0.47736623E-003   0.31933539E+000   0.11096880E+000   0.26389358E-001  -0.35973116E+000   0.55715784E+000   0.27357050E+000   0.99306685E+000   0.14413197E+000   0.62438267E-001   0.11158038E+001  -0.73689572E+000  -0.36820784E+000  -0.52301606E+001  -0.14468552E+001  -0.49269923E+000   0.75724560E+001   0.50041537E+001   0.17408714E+001
   0.44360581E-002   0.12615876E-002   0.47955587E-003   0.30328340E+000   0.13455895E+000   0.40654698E-001  -0.37708468E+000   0.54707942E+000   0.27013589E+000   0.98996251E+000   0.15964926E+000   0.69167057E-001   0.11246093E+001  -0.72545479E+000  -0.36319923E+000  -0.52281334E+001  -0.14531723E+001  -0.49545663E+000   0.75689597E+001   0.50083164E+001   0.17427406E+001
   0.44350196E-002   0.12666403E-002   0.48174547E-003   0.28476642E+000   0.15704784E+000   0.54587711E-001  -0.39413382E+000   0.53656551E+000   0.26648614E+000   0.98656700E+000   0.17511976E+000   0.75875553E-001   0.11332897E+001  -0.71393272E+000  -0.35815002E+000  -0.52260968E+001  -0.14594867E+001  -0.49821313E+000   0.75654605E+001   0.50124772E+001   0.17446091E+001
   0.44339734E-002   0.12716924E-002   0.48393504E-003   0.26384143E+000   0.17819675E+000   0.68054978E-001  -0.41086494E+000   0.52562448E+000   0.26262414E+000   0.98288108E+000   0.19053885E+000   0.82561756E-001   0.11418440E+001  -0.70233076E+000  -0.35306074E+000  -0.52240506E+001  -0.14657985E+001  -0.50096871E+000   0.75619586E+001   0.50166362E+001   0.17464769E+001
   0.44329193E-002   0.12767439E-002   0.48612459E-003   0.24060307E+000   0.19776598E+000   0.80918646E-001  -0.42726467E+000   0.51426503E+000   0.25855296E+000   0.97890559E+000   0.20590193E+000   0.89223669E-001   0.11502711E+001  -0.69065016E+000  -0.34793195E+000  -0.52219948E+001  -0.14721076E+001  -0.50372339E+000   0.75584538E+001   0.50207932E+001   0.17483441E+001
   0.44318574E-002   0.12817948E-002   0.48831415E-003   0.21518620E+000   0.21552082E+000   0.93039361E-001  -0.44331991E+000   0.50249621E+000   0.25427583E+000   0.97464147E+000   0.22120440E+000   0.95859296E-001   0.11585701E+001  -0.67889217E+000  -0.34276419E+000  -0.52199296E+001  -0.14784140E+001  -0.50647714E+000   0.75549461E+001   0.50249483E+001   0.17502106E+001
   0.44307876E-002   0.12868452E-002   0.49050372E-003   0.18776704E+000   0.23123838E+000   0.10427978E+000  -0.45901783E+000   0.49032739E+000   0.24979617E+000   0.97008971E+000   0.23644167E+000   0.10246665E+000   0.11667400E+001  -0.66705809E+000  -0.33755803E+000  -0.52178547E+001  -0.14847177E+001  -0.50922997E+000   0.75514357E+001   0.50291016E+001   0.17520764E+001
   0.44297098E-002   0.12918951E-002   0.49269333E-003   0.15856254E+000   0.24471487E+000   0.11450854E+000  -0.47434590E+000   0.47776828E+000   0.24511755E+000   0.96525143E+000   0.25160916E+000   0.10904375E+000   0.11747798E+001  -0.65514920E+000  -0.33231403E+000  -0.52157704E+001  -0.14910187E+001  -0.51198186E+000   0.75479223E+001   0.50332530E+001   0.17539416E+001
   0.44286239E-002   0.12969444E-002   0.49488299E-003   0.12782770E+000   0.25577287E+000   0.12360440E+000  -0.48929189E+000   0.46482892E+000   0.24024371E+000   0.96012782E+000   0.26670232E+000   0.11558861E+000   0.11826885E+001  -0.64316680E+000  -0.32703277E+000  -0.52136765E+001  -0.14973170E+001  -0.51473283E+000   0.75444062E+001   0.50374025E+001   0.17558062E+001
   0.44275299E-002   0.13019932E-002   0.49707270E-003   0.95850794E-001   0.26426812E+000   0.13146040E+000  -0.50384387E+000   0.45151962E+000   0.23517852E+000   0.95472014E+000   0.28171659E+000   0.12209926E+000   0.11904652E+001  -0.63111221E+000  -0.32171481E+000  -0.52115731E+001  -0.15036125E+001  -0.51748285E+000   0.75408872E+001   0.50415500E+001   0.17576701E+001
   0.44264276E-002   0.13070414E-002   0.49926248E-003   0.62946499E-001   0.27009513E+000   0.13798752E+000  -0.51799025E+000   0.43785104E+000   0.22992606E+000   0.94902977E+000   0.29664744E+000   0.12857373E+000   0.11981090E+001  -0.61898675E+000  -0.31636075E+000  -0.52094602E+001  -0.15099053E+001  -0.52023193E+000   0.75373654E+001   0.50456957E+001   0.17595333E+001
   0.44253170E-002   0.13120892E-002   0.50145231E-003   0.29447516E-001   0.27319119E+000   0.14311775E+000  -0.53171975E+000   0.42383409E+000   0.22449051E+000   0.94305816E+000   0.31149036E+000   0.13501008E+000   0.12056190E+001  -0.60679175E+000  -0.31097116E+000  -0.52073378E+001  -0.15161953E+001  -0.52298005E+000   0.75338408E+001   0.50498395E+001   0.17613959E+001
   0.44241981E-002   0.13171363E-002   0.50364222E-003  -0.43049257E-002   0.27353834E+000   0.14680605E+000  -0.54502144E+000   0.40948000E+000   0.21887623E+000   0.93680684E+000   0.32624085E+000   0.14140634E+000   0.12129943E+001  -0.59452857E+000  -0.30554665E+000  -0.52052059E+001  -0.15224826E+001  -0.52572723E+000   0.75303133E+001   0.50539814E+001   0.17632578E+001
   0.44230706E-002   0.13221829E-002   0.50583218E-003  -0.37970872E-001   0.27116319E+000   0.14903137E+000  -0.55788475E+000   0.39480023E+000   0.21308771E+000   0.93027744E+000   0.34089443E+000   0.14776058E+000   0.12202340E+001  -0.58219856E+000  -0.30008782E+000  -0.52030645E+001  -0.15287671E+001  -0.52847344E+000   0.75267830E+001   0.50581214E+001   0.17651190E+001
   0.44219347E-002   0.13272288E-002   0.50802218E-003  -0.71221063E-001   0.26613464E+000   0.14979633E+000  -0.57029945E+000   0.37980653E+000   0.20712959E+000   0.92347167E+000   0.35544664E+000   0.15407086E+000   0.12273374E+001  -0.56980309E+000  -0.29459526E+000  -0.52009135E+001  -0.15350488E+001  -0.53121868E+000   0.75232498E+001   0.50622596E+001   0.17669796E+001
   0.44207900E-002   0.13322741E-002   0.51021222E-003  -0.10374530E+000   0.25855978E+000   0.14912591E+000  -0.58225570E+000   0.36451091E+000   0.20100665E+000   0.91639132E+000   0.36989306E+000   0.16033526E+000   0.12343035E+001  -0.55734353E+000  -0.28906959E+000  -0.51987531E+001  -0.15413277E+001  -0.53396296E+000   0.75197139E+001   0.50663958E+001   0.17688395E+001
   0.44196367E-002   0.13373186E-002   0.51240227E-003  -0.13525924E+000   0.24857837E+000   0.14706526E+000  -0.59374401E+000   0.34892561E+000   0.19472378E+000   0.90903828E+000   0.38422928E+000   0.16655187E+000   0.12411315E+001  -0.54482127E+000  -0.28351142E+000  -0.51965832E+001  -0.15476037E+001  -0.53670626E+000   0.75161751E+001   0.50705300E+001   0.17706987E+001
   0.44184746E-002   0.13423624E-002   0.51459232E-003  -0.16550940E+000   0.23635657E+000   0.14367682E+000  -0.60475528E+000   0.33306310E+000   0.18828602E+000   0.90141452E+000   0.39845090E+000   0.17271880E+000   0.12478208E+001  -0.53223771E+000  -0.27792137E+000  -0.51944037E+001  -0.15538770E+001  -0.53944858E+000   0.75126335E+001   0.50746624E+001   0.17725573E+001
   0.44173036E-002   0.13474053E-002   0.51678233E-003  -0.19427620E+000   0.22208025E+000   0.13903705E+000  -0.61528082E+000   0.31693608E+000   0.18169854E+000   0.89352209E+000   0.41255359E+000   0.17883414E+000   0.12543705E+001  -0.51959426E+000  -0.27230007E+000  -0.51922148E+001  -0.15601474E+001  -0.54218992E+000   0.75090890E+001   0.50787929E+001   0.17744152E+001
   0.44161238E-002   0.13524473E-002   0.51897229E-003  -0.22137522E+000   0.20594849E+000   0.13323316E+000  -0.62531232E+000   0.30055745E+000   0.17496661E+000   0.88536313E+000   0.42653301E+000   0.18489603E+000   0.12607798E+001  -0.50689232E+000  -0.26664814E+000  -0.51900164E+001  -0.15664150E+001  -0.54493026E+000   0.75055418E+001   0.50829215E+001   0.17762725E+001
   0.44149351E-002   0.13574884E-002   0.52116216E-003  -0.24665693E+000   0.18816763E+000   0.12635983E+000  -0.63484187E+000   0.28394032E+000   0.16809562E+000   0.87693987E+000   0.44038487E+000   0.19090261E+000   0.12670482E+001  -0.49413333E+000  -0.26096621E+000  -0.51878086E+001  -0.15726797E+001  -0.54766961E+000   0.75019917E+001   0.50870482E+001   0.17781291E+001
   0.44137373E-002   0.13625284E-002   0.52335192E-003  -0.27000520E+000   0.16894606E+000   0.11851631E+000  -0.64386198E+000   0.26709799E+000   0.16109109E+000   0.86825461E+000   0.45410490E+000   0.19685201E+000   0.12731747E+001  -0.48131871E+000  -0.25525493E+000  -0.51855912E+001  -0.15789415E+001  -0.55040796E+000   0.74984388E+001   0.50911729E+001   0.17799850E+001
   0.44125306E-002   0.13675674E-002   0.52554153E-003  -0.29133484E+000   0.14848981E+000   0.10980379E+000  -0.65236559E+000   0.25004392E+000   0.15395862E+000   0.85930975E+000   0.46768887E+000   0.20274242E+000   0.12791588E+001  -0.46844990E+000  -0.24951494E+000  -0.51833644E+001  -0.15852004E+001  -0.55314530E+000   0.74948831E+001   0.50952957E+001   0.17818402E+001
   0.44113148E-002   0.13726051E-002   0.52773098E-003  -0.31058868E+000   0.12699920E+000   0.10032335E+000  -0.66034603E+000   0.23279176E+000   0.14670393E+000   0.85010776E+000   0.48113258E+000   0.20857201E+000   0.12849998E+001  -0.45552835E+000  -0.24374687E+000  -0.51811281E+001  -0.15914565E+001  -0.55588164E+000   0.74913246E+001   0.50994166E+001   0.17836948E+001
   0.44100899E-002   0.13776417E-002   0.52992022E-003  -0.32773431E+000   0.10466624E+000   0.90174160E-001  -0.66779708E+000   0.21535530E+000   0.13933283E+000   0.84065120E+000   0.49443188E+000   0.21433897E+000   0.12906971E+001  -0.44255552E+000  -0.23795139E+000  -0.51788824E+001  -0.15977096E+001  -0.55861695E+000   0.74877632E+001   0.51035356E+001   0.17855487E+001
   0.44088560E-002   0.13826770E-002   0.53210922E-003  -0.34276076E+000   0.81672857E-001   0.79452257E-001  -0.67471295E+000   0.19774848E+000   0.13185121E+000   0.83094270E+000   0.50758264E+000   0.22004152E+000   0.12962500E+001  -0.42953286E+000  -0.23212914E+000  -0.51766272E+001  -0.16039599E+001  -0.56135125E+000   0.74841990E+001   0.51076527E+001   0.17874019E+001
   0.44076129E-002   0.13877109E-002   0.53429797E-003  -0.35567529E+000   0.58189761E-001   0.68249576E-001  -0.68108829E+000   0.17998535E+000   0.12426507E+000   0.82098500E+000   0.52058077E+000   0.22567788E+000   0.13016579E+001  -0.41646185E+000  -0.22628078E+000  -0.51743625E+001  -0.16102071E+001  -0.56408452E+000   0.74806320E+001   0.51117679E+001   0.17892545E+001
   0.44063608E-002   0.13927435E-002   0.53648643E-003  -0.36650039E+000   0.34375900E-001   0.56653346E-001  -0.68691818E+000   0.16208010E+000   0.11658047E+000   0.81078090E+000   0.53342224E+000   0.23124631E+000   0.13069202E+001  -0.40334395E+000  -0.22040697E+000  -0.51720884E+001  -0.16164515E+001  -0.56681676E+000   0.74770622E+001   0.51158811E+001   0.17911064E+001
   0.44050995E-002   0.13977746E-002   0.53867457E-003  -0.37527106E+000   0.10378288E-001   0.44745720E-001  -0.69219814E+000   0.14404703E+000   0.10880356E+000   0.80033327E+000   0.54610304E+000   0.23674506E+000   0.13120365E+001  -0.39018065E+000  -0.21450838E+000  -0.51698048E+001  -0.16226929E+001  -0.56954797E+000   0.74734896E+001   0.51199924E+001   0.17929576E+001
   0.44038291E-002   0.14028041E-002   0.54086236E-003  -0.38203236E+000  -0.13667816E-001   0.32603620E-001  -0.69692416E+000   0.12590051E+000   0.10094056E+000   0.78964508E+000   0.55861921E+000   0.24217243E+000   0.13170061E+001  -0.37697344E+000  -0.20858567E+000  -0.51675118E+001  -0.16289313E+001  -0.57227814E+000   0.74699142E+001   0.51241018E+001   0.17948081E+001
   0.44025496E-002   0.14078321E-002   0.54304979E-003  -0.38683735E+000  -0.37638507E-001   0.20298733E-001  -0.70109267E+000   0.10765502E+000   0.92997738E-001   0.77871938E+000   0.57096683E+000   0.24752671E+000   0.13218285E+001  -0.36372380E+000  -0.20263952E+000  -0.51652094E+001  -0.16351668E+001  -0.57500726E+000   0.74663360E+001   0.51282093E+001   0.17966580E+001
   0.44012609E-002   0.14128585E-002   0.54523682E-003  -0.38974525E+000  -0.61420671E-001   0.78976211E-002  -0.70470055E+000   0.89325094E-001   0.84981444E-001   0.76755928E+000   0.58314205E+000   0.25280622E+000   0.13265032E+001  -0.35043324E+000  -0.19667059E+000  -0.51628975E+001  -0.16413993E+001  -0.57773532E+000   0.74627549E+001   0.51323148E+001   0.17985072E+001
   0.43999630E-002   0.14178832E-002   0.54742342E-003  -0.39081997E+000  -0.84911333E-001  -0.45380827E-002  -0.70774512E+000   0.70925325E-001   0.76898071E-001   0.75616798E+000   0.59514103E+000   0.25800931E+000   0.13310299E+001  -0.33710326E+000  -0.19067956E+000  -0.51605762E+001  -0.16476287E+001  -0.58046234E+000   0.74591711E+001   0.51364184E+001   0.18003557E+001
   0.43986560E-002   0.14229062E-002   0.54960958E-003  -0.39012878E+000  -0.10801694E+000  -0.16951428E-001  -0.71022419E+000   0.52470354E-001   0.68754067E-001   0.74454877E+000   0.60696001E+000   0.26313435E+000   0.13354079E+001  -0.32373536E+000  -0.18466712E+000  -0.51582455E+001  -0.16538552E+001  -0.58318829E+000   0.74555844E+001   0.51405200E+001   0.18022035E+001
   0.43973399E-002   0.14279274E-002   0.55179527E-003  -0.38774133E+000  -0.13065264E+000  -0.29289863E-001  -0.71213601E+000   0.33974857E-001   0.60555920E-001   0.73270498E+000   0.61859527E+000   0.26817971E+000   0.13396369E+001  -0.31033106E+000  -0.17863394E+000  -0.51559053E+001  -0.16600787E+001  -0.58591318E+000   0.74519950E+001   0.51446198E+001   0.18040506E+001
   0.43960147E-002   0.14329468E-002   0.55398047E-003  -0.38372879E+000  -0.15274156E+000  -0.41504939E-001  -0.71347927E+000   0.15453530E-001   0.52310158E-001   0.72064004E+000   0.63004313E+000   0.27314382E+000   0.13437164E+001  -0.29689187E+000  -0.17258071E+000  -0.51535558E+001  -0.16662991E+001  -0.58863700E+000   0.74484027E+001   0.51487176E+001   0.18058971E+001
   0.43946803E-002   0.14379644E-002   0.55616515E-003  -0.37816319E+000  -0.17421409E+000  -0.53552005E-001  -0.71425316E+000  -0.30789228E-002   0.44023344E-001   0.70835746E+000   0.64129997E+000   0.27802509E+000   0.13476462E+001  -0.28341931E+000  -0.16650811E+000  -0.51511968E+001  -0.16725164E+001  -0.59135974E+000   0.74448076E+001   0.51528134E+001   0.18077429E+001
   0.43933367E-002   0.14429800E-002   0.55834928E-003  -0.37111687E+000  -0.19500724E+000  -0.65389908E-001  -0.71445728E+000  -0.21607799E-001   0.35702065E-001   0.69586081E+000   0.65236223E+000   0.28282198E+000   0.13514258E+001  -0.26991490E+000  -0.16041683E+000  -0.51488284E+001  -0.16787307E+001  -0.59408140E+000   0.74412097E+001   0.51569073E+001   0.18095880E+001
   0.43919841E-002   0.14479937E-002   0.56053286E-003  -0.36266210E+000  -0.21506401E+000  -0.76980701E-001  -0.71409174E+000  -0.40118413E-001   0.27352934E-001   0.68315373E+000   0.66322642E+000   0.28753298E+000   0.13550548E+001  -0.25638017E+000  -0.15430756E+000  -0.51464506E+001  -0.16849420E+001  -0.59680198E+000   0.74376091E+001   0.51609993E+001   0.18114325E+001
   0.43906223E-002   0.14530053E-002   0.56271585E-003  -0.35287076E+000  -0.23433282E+000  -0.88289370E-001  -0.71315706E+000  -0.58596105E-001   0.18982576E-001   0.67023994E+000   0.67388906E+000   0.29215659E+000   0.13585330E+001  -0.24281664E+000  -0.14818100E+000  -0.51440633E+001  -0.16911502E+001  -0.59952146E+000   0.74340056E+001   0.51650893E+001   0.18132762E+001
   0.43892514E-002   0.14580150E-002   0.56489824E-003  -0.34181414E+000  -0.25276697E+000  -0.99283574E-001  -0.71165425E+000  -0.77026256E-001   0.10597633E-001   0.65712323E+000   0.68434678E+000   0.29669133E+000   0.13618600E+001  -0.22922585E+000  -0.14203783E+000  -0.51416667E+001  -0.16973552E+001  -0.60223985E+000   0.74303993E+001   0.51691774E+001   0.18151193E+001
   0.43878714E-002   0.14630225E-002   0.56708000E-003  -0.32956275E+000  -0.27032415E+000  -0.10993340E+000  -0.70958475E+000  -0.95394297E-001   0.22047470E-002   0.64380745E+000   0.69459623E+000   0.30113576E+000   0.13650356E+001  -0.21560933E+000  -0.13587876E+000  -0.51392607E+001  -0.17035572E+001  -0.60495714E+000   0.74267902E+001   0.51732635E+001   0.18169616E+001
   0.43864823E-002   0.14680279E-002   0.56926111E-003  -0.31618629E+000  -0.28696602E+000  -0.12021113E+000  -0.70695047E+000  -0.11368572E+000  -0.61894363E-002   0.63029652E+000   0.70463416E+000   0.30548846E+000   0.13680595E+001  -0.20196860E+000  -0.12970448E+000  -0.51368453E+001  -0.17097561E+001  -0.60767333E+000   0.74231784E+001   0.51773477E+001   0.18188033E+001
   0.43850841E-002   0.14730312E-002   0.57144155E-003  -0.30175353E+000  -0.30265783E+000  -0.13009106E+000  -0.70375376E+000  -0.13188611E+000  -0.14578278E-001   0.61659445E+000   0.71445734E+000   0.30974804E+000   0.13709315E+001  -0.18830521E+000  -0.12351568E+000  -0.51344206E+001  -0.17159518E+001  -0.61038840E+000   0.74195637E+001   0.51814299E+001   0.18206444E+001
   0.43836768E-002   0.14780322E-002   0.57362131E-003  -0.28633237E+000  -0.31736801E+000  -0.13954930E+000  -0.69999743E+000  -0.14998110E+000  -0.22955148E-001   0.60270528E+000   0.72406263E+000   0.31391314E+000   0.13736513E+001  -0.17462070E+000  -0.11731307E+000  -0.51319864E+001  -0.17221444E+001  -0.61310236E+000   0.74159462E+001   0.51855102E+001   0.18224847E+001
   0.43822605E-002   0.14830310E-002   0.57580035E-003  -0.26998980E+000  -0.33106791E+000  -0.14856358E+000  -0.69568472E+000  -0.16795646E+000  -0.31313435E-001   0.58863313E+000   0.73344694E+000   0.31798241E+000   0.13762188E+001  -0.16091660E+000  -0.11109734E+000  -0.51295429E+001  -0.17283339E+001  -0.61581520E+000   0.74123260E+001   0.51895885E+001   0.18243243E+001
   0.43808351E-002   0.14880275E-002   0.57797867E-003  -0.25279201E+000  -0.34373151E+000  -0.15711312E+000  -0.69081931E+000  -0.18579806E+000  -0.39646548E-001   0.57438219E+000   0.74260727E+000   0.32195456E+000   0.13786339E+001  -0.14719444E+000  -0.10486920E+000  -0.51270900E+001  -0.17345202E+001  -0.61852691E+000   0.74087029E+001   0.51936649E+001   0.18261633E+001
   0.43794007E-002   0.14930217E-002   0.58015624E-003  -0.23480440E+000  -0.35533513E+000  -0.16517851E+000  -0.68540533E+000  -0.20349187E+000  -0.47947921E-001   0.55995671E+000   0.75154066E+000   0.32582829E+000   0.13808962E+001  -0.13345577E+000  -0.98629351E-001  -0.51246277E+001  -0.17407033E+001  -0.62123750E+000   0.74050771E+001   0.51977393E+001   0.18280015E+001
   0.43779572E-002   0.14980135E-002   0.58233304E-003  -0.21609173E+000  -0.36585727E+000  -0.17274152E+000  -0.67944734E+000  -0.22102401E+000  -0.56211022E-001   0.54536099E+000   0.76024423E+000   0.32960237E+000   0.13830058E+001  -0.11970212E+000  -0.92378490E-001  -0.51221561E+001  -0.17468832E+001  -0.62394695E+000   0.74014484E+001   0.52018118E+001   0.18298391E+001
   0.43765047E-002   0.15030029E-002   0.58450905E-003  -0.19671817E+000  -0.37527840E+000  -0.17978508E+000  -0.67295030E+000  -0.23838075E+000  -0.64429356E-001   0.53059941E+000   0.76871517E+000   0.33327557E+000   0.13849626E+001  -0.10593504E+000  -0.86117320E-001  -0.51196751E+001  -0.17530600E+001  -0.62665525E+000   0.73978170E+001   0.52058823E+001   0.18316760E+001
   0.43750432E-002   0.15079899E-002   0.58668425E-003  -0.17674741E+000  -0.38358077E+000  -0.18629308E+000  -0.66591964E+000  -0.25554850E+000  -0.72596470E-001   0.51567638E+000   0.77695073E+000   0.33684670E+000   0.13867664E+001  -0.92156049E-001  -0.79846545E-001  -0.51171847E+001  -0.17592336E+001  -0.62936242E+000   0.73941828E+001   0.52099508E+001   0.18335122E+001
   0.43735727E-002   0.15129744E-002   0.58885863E-003  -0.15624285E+000  -0.39074834E+000  -0.19225038E+000  -0.65836117E+000  -0.27251384E+000  -0.80705959E-001   0.50059638E+000   0.78494825E+000   0.34031461E+000   0.13884171E+001  -0.78366694E-001  -0.73566868E-001  -0.51146850E+001  -0.17654039E+001  -0.63206843E+000   0.73905458E+001   0.52140173E+001   0.18353477E+001
   0.43720932E-002   0.15179563E-002   0.59103216E-003  -0.13526763E+000  -0.39676658E+000  -0.19764267E+000  -0.65028114E+000  -0.28926352E+000  -0.88751469E-001   0.48536397E+000   0.79270513E+000   0.34367817E+000   0.13899148E+001  -0.64568506E-001  -0.67278990E-001  -0.51121760E+001  -0.17715710E+001  -0.63477328E+000   0.73869060E+001   0.52180819E+001   0.18371825E+001
   0.43706047E-002   0.15229358E-002   0.59320484E-003  -0.11388486E+000  -0.40162245E+000  -0.20245642E+000  -0.64168617E+000  -0.30578448E+000  -0.96726706E-001   0.46998372E+000   0.80021884E+000   0.34693628E+000   0.13912595E+001  -0.50763018E-001  -0.60983614E-001  -0.51096576E+001  -0.17777349E+001  -0.63747698E+000   0.73832635E+001   0.52221446E+001   0.18390166E+001
   0.43691074E-002   0.15279126E-002   0.59537662E-003  -0.92157706E-001  -0.40530430E+000  -0.20667887E+000  -0.63258332E+000  -0.32206386E+000  -0.10462544E+000   0.45446028E+000   0.80748694E+000   0.35008788E+000   0.13924510E+001  -0.36951759E-001  -0.54681442E-001  -0.51071298E+001  -0.17838955E+001  -0.64017951E+000   0.73796181E+001   0.52262052E+001   0.18408500E+001
   0.43676011E-002   0.15328868E-002   0.59754751E-003  -0.70149571E-001  -0.40780182E+000  -0.21029791E+000  -0.62298001E+000  -0.33808899E+000  -0.11244150E+000   0.43879835E+000   0.81450704E+000   0.35313195E+000   0.13934896E+001  -0.23136258E-001  -0.48373176E-001  -0.51045928E+001  -0.17900529E+001  -0.64288087E+000   0.73759700E+001   0.52302639E+001   0.18426828E+001
   0.43660859E-002   0.15378583E-002   0.59971748E-003  -0.47924233E-001  -0.40910601E+000  -0.21330214E+000  -0.61288408E+000  -0.35384743E+000  -0.12016879E+000   0.42300267E+000   0.82127687E+000   0.35606749E+000   0.13943751E+001  -0.93180398E-002  -0.42059517E-001  -0.51020464E+001  -0.17962070E+001  -0.64558106E+000   0.73723191E+001   0.52343207E+001   0.18445148E+001
   0.43645618E-002   0.15428272E-002   0.60188652E-003  -0.25546018E-001  -0.40920918E+000  -0.21568075E+000  -0.60230372E+000  -0.36932695E+000  -0.12780130E+000   0.40707803E+000   0.82779418E+000   0.35889353E+000   0.13951077E+001   0.45013720E-002  -0.35741164E-001  -0.50994907E+001  -0.18023578E+001  -0.64828007E+000   0.73686654E+001   0.52383754E+001   0.18463461E+001
   0.43630288E-002   0.15477933E-002   0.60405460E-003  -0.30799580E-002  -0.40810498E+000  -0.21742361E+000  -0.59124750E+000  -0.38451557E+000  -0.13533310E+000   0.39102927E+000   0.83405685E+000   0.36160915E+000   0.13956875E+001   0.18320458E-001  -0.29418818E-001  -0.50969256E+001  -0.18085053E+001  -0.65097789E+000   0.73650089E+001   0.52424282E+001   0.18481768E+001
   0.43614871E-002   0.15527566E-002   0.60622171E-003   0.19408034E-001  -0.40578836E+000  -0.21852119E+000  -0.57972437E+000  -0.39940155E+000  -0.14275833E+000   0.37486128E+000   0.84006282E+000   0.36421345E+000   0.13961145E+001   0.32137703E-001  -0.23093176E-001  -0.50943513E+001  -0.18146495E+001  -0.65367452E+000   0.73613497E+001   0.52464790E+001   0.18500067E+001
   0.43599365E-002   0.15577172E-002   0.60838783E-003   0.41850990E-001  -0.40225574E+000  -0.21896460E+000  -0.56774362E+000  -0.41397338E+000  -0.15007124E+000   0.35857898E+000   0.84581009E+000   0.36670557E+000   0.13963889E+001   0.45951595E-001  -0.16764936E-001  -0.50917676E+001  -0.18207904E+001  -0.65636996E+000   0.73576876E+001   0.52505278E+001   0.18518360E+001
   0.43583771E-002   0.15626749E-002   0.61055294E-003   0.64180710E-001  -0.39750498E+000  -0.21874564E+000  -0.55531490E+000  -0.42821984E+000  -0.15726616E+000   0.34218735E+000   0.85129678E+000   0.36908469E+000   0.13965109E+001   0.59760624E-001  -0.10434793E-001  -0.50891747E+001  -0.18269280E+001  -0.65906420E+000   0.73540228E+001   0.52545746E+001   0.18536645E+001
   0.43568089E-002   0.15676298E-002   0.61271703E-003   0.86327580E-001  -0.39153555E+000  -0.21785680E+000  -0.54244818E+000  -0.44212995E+000  -0.16433753E+000   0.32569138E+000   0.85652106E+000   0.37135003E+000   0.13964807E+001   0.73563288E-001  -0.41034421E-002  -0.50865724E+001  -0.18330622E+001  -0.66175723E+000   0.73503553E+001   0.52586195E+001   0.18554924E+001
   0.43552320E-002   0.15725818E-002   0.61488008E-003   0.10822039E+000  -0.38434864E+000  -0.21629131E+000  -0.52915379E+000  -0.45569303E+000  -0.17127988E+000   0.30909614E+000   0.86148120E+000   0.37350082E+000   0.13962983E+001   0.87358086E-001   0.22284239E-002  -0.50839608E+001  -0.18391931E+001  -0.66444905E+000   0.73466849E+001   0.52626623E+001   0.18573195E+001
   0.43536464E-002   0.15775309E-002   0.61704208E-003   0.12978613E+000  -0.37594732E+000  -0.21404325E+000  -0.51544236E+000  -0.46889866E+000  -0.17808786E+000   0.29240669E+000   0.86617554E+000   0.37553636E+000   0.13959641E+001   0.10114353E+000   0.85601138E-002  -0.50813400E+001  -0.18453206E+001  -0.66713966E+000   0.73430118E+001   0.52667032E+001   0.18591460E+001
   0.43520521E-002   0.15824770E-002   0.61920301E-003   0.15094985E+000  -0.36633675E+000  -0.21110758E+000  -0.50132484E+000  -0.48173673E+000  -0.18475623E+000   0.27562817E+000   0.87060253E+000   0.37745596E+000   0.13954782E+001   0.11491812E+000   0.14890938E-001  -0.50787098E+001  -0.18514447E+001  -0.66982905E+000   0.73393359E+001   0.52707421E+001   0.18609717E+001
   0.43504491E-002   0.15874202E-002   0.62136285E-003   0.17163442E+000  -0.35552439E+000  -0.20748028E+000  -0.48681249E+000  -0.49419742E+000  -0.19127985E+000   0.25876572E+000   0.87476068E+000   0.37925899E+000   0.13948410E+001   0.12868037E+000   0.21220210E-001  -0.50760704E+001  -0.18575655E+001  -0.67251722E+000   0.73356573E+001   0.52747790E+001   0.18627968E+001
   0.43488375E-002   0.15923603E-002   0.62352158E-003   0.19176039E+000  -0.34352026E+000  -0.20315847E+000  -0.47191687E+000  -0.50627122E+000  -0.19765373E+000   0.24182453E+000   0.87864859E+000   0.38094483E+000   0.13940527E+001   0.14242882E+000   0.27547243E-001  -0.50734217E+001  -0.18636829E+001  -0.67520415E+000   0.73319758E+001   0.52788139E+001   0.18646211E+001
   0.43472173E-002   0.15972974E-002   0.62567920E-003   0.21124581E+000  -0.33033726E+000  -0.19814052E+000  -0.45664980E+000  -0.51794893E+000  -0.20387296E+000   0.22480980E+000   0.88226495E+000   0.38251291E+000   0.13931135E+001   0.15616198E+000   0.33871354E-001  -0.50707637E+001  -0.18697968E+001  -0.67788985E+000   0.73282916E+001   0.52828468E+001   0.18664448E+001
   0.43455886E-002   0.16022315E-002   0.62783569E-003   0.23000607E+000  -0.31599157E+000  -0.19242629E+000  -0.44102340E+000  -0.52922166E+000  -0.20993279E+000   0.20772679E+000   0.88560854E+000   0.38396272E+000   0.13920239E+001   0.16987840E+000   0.40191862E-001  -0.50680964E+001  -0.18759073E+001  -0.68057431E+000   0.73246047E+001   0.52868778E+001   0.18682677E+001
   0.43439513E-002   0.16071625E-002   0.62999104E-003   0.24795377E+000  -0.30050296E+000  -0.18601727E+000  -0.42505005E+000  -0.54008086E+000  -0.21582859E+000   0.19058076E+000   0.88867822E+000   0.38529375E+000   0.13907841E+001   0.18357660E+000   0.46508089E-001  -0.50654199E+001  -0.18820145E+001  -0.68325753E+000   0.73209149E+001   0.52909067E+001   0.18700899E+001
   0.43423055E-002   0.16120904E-002   0.63214522E-003   0.26499858E+000  -0.28389537E+000  -0.17891687E+000  -0.40874238E+000  -0.55051830E+000  -0.22155585E+000   0.17337699E+000   0.89147294E+000   0.38650554E+000   0.13893945E+001   0.19725514E+000   0.52819359E-001  -0.50627341E+001  -0.18881181E+001  -0.68593950E+000   0.73172225E+001   0.52949336E+001   0.18719115E+001
   0.43406513E-002   0.16170152E-002   0.63429823E-003   0.28104722E+000  -0.26619736E+000  -0.17113066E+000  -0.39211327E+000  -0.56052610E+000  -0.22711021E+000   0.15612081E+000   0.89399175E+000   0.38759770E+000   0.13878554E+001   0.21091257E+000   0.59124999E-001  -0.50600391E+001  -0.18942183E+001  -0.68862021E+000   0.73135272E+001   0.52989586E+001   0.18737323E+001
   0.43389886E-002   0.16219368E-002   0.63645006E-003   0.29600340E+000  -0.24744273E+000  -0.16266670E+000  -0.37517582E+000  -0.57009669E+000  -0.23248745E+000   0.13881755E+000   0.89623377E+000   0.38856983E+000   0.13861673E+001   0.22454746E+000   0.65424337E-001  -0.50573348E+001  -0.19003151E+001  -0.69129966E+000   0.73098292E+001   0.53029815E+001   0.18755524E+001
   0.43373175E-002   0.16268553E-002   0.63860070E-003   0.30976785E+000  -0.22767120E+000  -0.15353590E+000  -0.35794339E+000  -0.57922288E+000  -0.23768348E+000   0.12147255E+000   0.89819823E+000   0.38942159E+000   0.13843305E+001   0.23815836E+000   0.71716706E-001  -0.50546213E+001  -0.19064084E+001  -0.69397785E+000   0.73061284E+001   0.53070024E+001   0.18773718E+001
   0.43356381E-002   0.16317706E-002   0.64075013E-003   0.32223847E+000  -0.20692913E+000  -0.14375243E+000  -0.34042951E+000  -0.58789781E+000  -0.24269435E+000   0.10409120E+000   0.89988443E+000   0.39015270E+000   0.13823456E+001   0.25174387E+000   0.78001441E-001  -0.50518985E+001  -0.19124982E+001  -0.69665478E+000   0.73024249E+001   0.53110213E+001   0.18791905E+001
   0.43339504E-002   0.16366827E-002   0.64289834E-003   0.33331053E+000  -0.18527037E+000  -0.13333417E+000  -0.32264793E+000  -0.59611500E+000  -0.24751629E+000   0.86678875E-001   0.90129177E+000   0.39076288E+000   0.13802129E+001   0.26530255E+000   0.84277881E-001  -0.50491665E+001  -0.19185845E+001  -0.69933042E+000   0.72987186E+001   0.53150383E+001   0.18810084E+001
   0.43322544E-002   0.16415916E-002   0.64504533E-003   0.34287706E+000  -0.16275712E+000  -0.12230324E+000  -0.30461261E+000  -0.60386829E+000  -0.25214564E+000   0.69240973E-001   0.90241974E+000   0.39125192E+000   0.13779328E+001   0.27883301E+000   0.90545368E-001  -0.50464252E+001  -0.19246672E+001  -0.70200479E+000   0.72950095E+001   0.53190532E+001   0.18828257E+001
   0.43305501E-002   0.16464972E-002   0.64719109E-003   0.35082935E+000  -0.13946089E+000  -0.11068656E+000  -0.28633767E+000  -0.61115192E+000  -0.25657891E+000   0.51782904E-001   0.90326791E+000   0.39161963E+000   0.13755060E+001   0.29233384E+000   0.96803246E-001  -0.50436748E+001  -0.19307465E+001  -0.70467788E+000   0.72912977E+001   0.53230661E+001   0.18846423E+001
   0.43288377E-002   0.16513997E-002   0.64933561E-003   0.35705767E+000  -0.11546355E+000  -0.98516460E-001  -0.26783739E+000  -0.61796049E+000  -0.26081277E+000   0.34310086E-001   0.90383597E+000   0.39186587E+000   0.13729328E+001   0.30580365E+000   0.10305086E+000  -0.50409151E+001  -0.19368222E+001  -0.70734967E+000   0.72875832E+001   0.53270770E+001   0.18864581E+001
   0.43271171E-002   0.16562989E-002   0.65147889E-003   0.36145227E+000  -0.90858388E-001  -0.85831371E-001  -0.24912624E+000  -0.62428895E+000  -0.26484404E+000   0.16827946E-001   0.90412366E+000   0.39199054E+000   0.13702139E+001   0.31924106E+000   0.10928757E+000  -0.50381462E+001  -0.19428944E+001  -0.71002018E+000   0.72838659E+001   0.53310858E+001   0.18882733E+001
   0.43253884E-002   0.16611949E-002   0.65362092E-003   0.36390460E+000  -0.65751144E-001  -0.72676508E-001  -0.23021880E+000  -0.63013266E+000  -0.26866969E+000  -0.65808490E-003   0.90413085E+000   0.39199357E+000   0.13673497E+001   0.33264470E+000   0.11551273E+000  -0.50353680E+001  -0.19489631E+001  -0.71268938E+000   0.72801458E+001   0.53350927E+001   0.18900877E+001
   0.43236517E-002   0.16660877E-002   0.65576169E-003   0.36430895E+000  -0.40261089E-001  -0.59104600E-001  -0.21112982E+000  -0.63548731E+000  -0.27228688E+000  -0.18142573E-001   0.90385747E+000   0.39187494E+000   0.13643408E+001   0.34601319E+000   0.12172569E+000  -0.50325807E+001  -0.19550282E+001  -0.71535728E+000   0.72764230E+001   0.53390975E+001   0.18919014E+001
   0.43219069E-002   0.16709772E-002   0.65790122E-003   0.36256437E+000  -0.14521958E-001  -0.45176599E-001  -0.19187416E+000  -0.64034901E+000  -0.27569289E+000  -0.35620081E-001   0.90330357E+000   0.39163467E+000   0.13611877E+001   0.35934520E+000   0.12792582E+000  -0.50297842E+001  -0.19610897E+001  -0.71802387E+000   0.72726974E+001   0.53431004E+001   0.18937144E+001
   0.43201541E-002   0.16758635E-002   0.66003949E-003   0.35857713E+000   0.11317259E-001  -0.30962353E-001  -0.17246679E+000  -0.64471423E+000  -0.27888519E+000  -0.53085173E-001   0.90246927E+000   0.39127280E+000   0.13578911E+001   0.37263936E+000   0.13411249E+000  -0.50269784E+001  -0.19671476E+001  -0.72068915E+000   0.72689691E+001   0.53471012E+001   0.18955267E+001
